NACA-63-415
            .100000000E+01           .000000000E+00
            .999762690E+00           .516586589E-04
            .999395566E+00           .123371190E-03
            .998835033E+00           .221006187E-03
            .998060603E+00           .342618223E-03
            .997067709E+00           .484508115E-03
            .995855949E+00           .643248074E-03
            .994425807E+00           .815920308E-03
            .992777948E+00           .999973316E-03
            .990913154E+00           .119306822E-02
            .988832275E+00           .139296702E-02
            .986536225E+00           .159744033E-02
            .984025995E+00           .180419160E-02
            .981302658E+00           .201078841E-02
            .978367330E+00           .221460030E-02
            .975221204E+00           .241273516E-02
            .971865544E+00           .260197711E-02
            .968301658E+00           .277872707E-02
            .964530941E+00           .293894280E-02
            .960554872E+00           .307808752E-02
            .956374955E+00           .319111992E-02
            .951992801E+00           .327263835E-02
            .947410168E+00           .331739917E-02
            .942629002E+00           .332117395E-02
            .937651501E+00           .328113138E-02
            .932480023E+00           .319550809E-02
            .927117061E+00           .306330653E-02
            .921565249E+00           .288419661E-02
            .915827319E+00           .265851690E-02
            .909906111E+00           .238727698E-02
            .903804585E+00           .207204135E-02
            .897525753E+00           .171448635E-02
            .891072618E+00           .131559723E-02
            .884448173E+00           .875226701E-03
            .877655438E+00           .392526473E-03
            .870697463E+00          -.133588479E-03
            .863577387E+00          -.704218422E-03
            .856298446E+00          -.132038056E-02
            .848863951E+00          -.198288659E-02
            .841277299E+00          -.269212369E-02
            .833541977E+00          -.344787368E-02
            .825661545E+00          -.424940355E-02
            .817639654E+00          -.509561958E-02
            .809480021E+00          -.598515789E-02
            .801186416E+00          -.691646186E-02
            .792762637E+00          -.788791964E-02
            .784212551E+00          -.889801236E-02
            .775540062E+00          -.994529370E-02
            .766749106E+00          -.110282704E-01
            .757843668E+00          -.121453133E-01
            .748827797E+00          -.132945982E-01
            .739705590E+00          -.144740300E-01
            .730481180E+00          -.156811927E-01
            .721158724E+00          -.169133969E-01
            .711742437E+00          -.181677482E-01
            .702236540E+00          -.194412261E-01
            .692645312E+00          -.207307953E-01
            .682973059E+00          -.220335322E-01
            .673224087E+00          -.233466191E-01
            .663402710E+00          -.246672570E-01
            .653513277E+00          -.259926127E-01
            .643560147E+00          -.273198372E-01
            .633547708E+00          -.286461180E-01
            .623480350E+00          -.299686835E-01
            .613362495E+00          -.312847689E-01
            .603198558E+00          -.325916116E-01
            .592992972E+00          -.338864651E-01
            .582750176E+00          -.351666382E-01
            .572474595E+00          -.364294942E-01
            .562170691E+00          -.376724220E-01
            .551842917E+00          -.388927896E-01
            .541495738E+00          -.400878588E-01
            .531133614E+00          -.412547108E-01
            .520760969E+00          -.423903020E-01
            .510382243E+00          -.434915677E-01
            .500001868E+00          -.445555189E-01
            .489624282E+00          -.455793170E-01
            .479253894E+00          -.465603267E-01
            .468895088E+00          -.474960928E-01
            .458552246E+00          -.483842863E-01
            .448229725E+00          -.492226611E-01
            .437931875E+00          -.500090085E-01
            .427663034E+00          -.507411507E-01
            .417427503E+00          -.514169912E-01
            .407229560E+00          -.520345500E-01
            .397073459E+00          -.525919786E-01
            .386963442E+00          -.530875469E-01
            .376903714E+00          -.535196652E-01
            .366898441E+00          -.538869388E-01
            .356951785E+00          -.541883268E-01
            .347067877E+00          -.544235155E-01
            .337250851E+00          -.545933970E-01
            .327504844E+00          -.547000480E-01
            .317833981E+00          -.547461701E-01
            .308242370E+00          -.547346228E-01
            .298734088E+00          -.546680665E-01
            .289313185E+00          -.545486400E-01
            .279983664E+00          -.543779254E-01
            .270749467E+00          -.541572429E-01
            .261614506E+00          -.538878821E-01
            .252582676E+00          -.535711583E-01
            .243657814E+00          -.532083373E-01
            .234843700E+00          -.528005850E-01
            .226144097E+00          -.523490574E-01
            .217562696E+00          -.518550031E-01
            .209103144E+00          -.513198056E-01
            .200769051E+00          -.507449754E-01
            .192564009E+00          -.501321198E-01
            .184491528E+00          -.494829252E-01
            .176555074E+00          -.487991963E-01
            .168758094E+00          -.480828641E-01
            .161103956E+00          -.473358947E-01
            .153595958E+00          -.465600147E-01
            .146237326E+00          -.457561722E-01
            .139031130E+00          -.449242236E-01
            .131980338E+00          -.440635334E-01
            .125087876E+00          -.431736569E-01
            .118356597E+00          -.422546485E-01
            .111789307E+00          -.413071216E-01
            .105388780E+00          -.403321774E-01
            .991577595E-01          -.393312154E-01
            .930988982E-01          -.383057447E-01
            .872147914E-01          -.372574351E-01
            .815079873E-01          -.361880614E-01
            .759809058E-01          -.350989074E-01
            .706357764E-01          -.339899865E-01
            .654746686E-01          -.328604614E-01
            .604996107E-01          -.317099498E-01
            .557126153E-01          -.305391813E-01
            .511156960E-01          -.293498532E-01
            .467108535E-01          -.281442174E-01
            .425000716E-01          -.269252203E-01
            .384853973E-01          -.256969941E-01
            .346689619E-01          -.244647659E-01
            .310528040E-01          -.232334055E-01
            .276383938E-01          -.220034189E-01
            .244258920E-01          -.207654025E-01
            .214141273E-01          -.195014670E-01
            .186019556E-01          -.181971414E-01
            .159893046E-01          -.168490037E-01
            .135773534E-01          -.154645400E-01
            .113679564E-01          -.140567485E-01
            .936231452E-02          -.126348438E-01
            .755922024E-02          -.111942922E-01
            .595536179E-02          -.972181563E-02
            .454703459E-02          -.820887006E-02
            .332944645E-02          -.665154786E-02
            .229473377E-02          -.504788101E-02
            .142961374E-02          -.339707306E-02
            .718459682E-03          -.169932492E-02
            .167507990E-03           .472354109E-04
           -.163138649E-03           .184973588E-02
           -.215187363E-03           .370548196E-02
            .157907798E-04           .559974332E-02
            .514284201E-03           .751881855E-02
            .126683687E-02           .945380007E-02
            .226481071E-02           .113994235E-01
            .350232899E-02           .133539611E-01
            .497437421E-02           .153215757E-01
            .667618240E-02           .173115721E-01
            .860497936E-02           .193244258E-01
            .107601866E-01           .213474217E-01
            .131416348E-01           .233647103E-01
            .157482709E-01           .253662729E-01
            .185776159E-01           .273532767E-01
            .216259526E-01           .293380784E-01
            .248893890E-01           .313362268E-01
            .283651802E-01           .333546915E-01
            .320517035E-01           .353908875E-01
            .359477023E-01           .374381402E-01
            .400518101E-01           .394894962E-01
            .443624321E-01           .415391380E-01
            .488777400E-01           .435824700E-01
            .535957181E-01           .456156313E-01
            .585142202E-01           .476353893E-01
            .636309267E-01           .496395632E-01
            .689433293E-01           .516271356E-01
            .744488357E-01           .535975611E-01
            .801448550E-01           .555494518E-01
            .860288104E-01           .574802178E-01
            .920980633E-01           .593868483E-01
            .983499013E-01           .612664744E-01
            .104781514E+00           .631164096E-01
            .111389978E+00           .649341070E-01
            .118172297E+00           .667173625E-01
            .125125377E+00           .684644976E-01
            .132246007E+00           .701744272E-01
            .139530863E+00           .718465967E-01
            .146976572E+00           .734806678E-01
            .154579722E+00           .750758136E-01
            .162336872E+00           .766301424E-01
            .170244587E+00           .781410372E-01
            .178299359E+00           .796056743E-01
            .186497586E+00           .810212888E-01
            .194835620E+00           .823852715E-01
            .203309732E+00           .836951533E-01
            .211916095E+00           .849485662E-01
            .220650843E+00           .861432672E-01
            .229510053E+00           .872771712E-01
            .238489726E+00           .883483525E-01
            .247585785E+00           .893550003E-01
            .256794126E+00           .902953169E-01
            .266110581E+00           .911674326E-01
            .275530926E+00           .919694526E-01
            .285050907E+00           .926995405E-01
            .294666226E+00           .933558527E-01
            .304372516E+00           .939362975E-01
            .314165384E+00           .944382474E-01
            .324040422E+00           .948585826E-01
            .333993165E+00           .951940094E-01
            .344019096E+00           .954414186E-01
            .354113638E+00           .955983629E-01
            .364272163E+00           .956636141E-01
            .374489996E+00           .956371613E-01
            .384762408E+00           .955197332E-01
            .395084673E+00           .953124363E-01
            .405452031E+00           .950166021E-01
            .415859699E+00           .946337259E-01
            .426302904E+00           .941654490E-01
            .436776856E+00           .936135656E-01
            .447276764E+00           .929800148E-01
            .457797822E+00           .922668403E-01
            .468335238E+00           .914761384E-01
            .478884228E+00           .906100689E-01
            .489439997E+00           .896708981E-01
            .499997766E+00           .886610445E-01
            .510552763E+00           .875831333E-01
            .521100210E+00           .864400173E-01
            .531635352E+00           .852347232E-01
            .542153465E+00           .839703791E-01
            .552649872E+00           .826501132E-01
            .563119867E+00           .812769510E-01
            .573558767E+00           .798537613E-01
            .583961931E+00           .783833362E-01
            .594324720E+00           .768684731E-01
            .604642563E+00           .753120163E-01
            .614910890E+00           .737168926E-01
            .625125167E+00           .720861068E-01
            .635280920E+00           .704227001E-01
            .645373667E+00           .687297422E-01
            .655398980E+00           .670103369E-01
            .665352476E+00           .652676539E-01
            .675229834E+00           .635049212E-01
            .685026754E+00           .617253764E-01
            .694739012E+00           .599322456E-01
            .704362404E+00           .581288009E-01
            .713892759E+00           .563184494E-01
            .723325985E+00           .545047325E-01
            .732658079E+00           .526911974E-01
            .741885058E+00           .508812912E-01
            .751003010E+00           .490782789E-01
            .760008071E+00           .472851801E-01
            .768896418E+00           .455047166E-01
            .777664273E+00           .437393655E-01
            .786307934E+00           .419914351E-01
            .794823768E+00           .402631216E-01
            .803208170E+00           .385566049E-01
            .811457613E+00           .368741671E-01
            .819568685E+00           .352182061E-01
            .827538017E+00           .335910883E-01
            .835362294E+00           .319950131E-01
            .843038258E+00           .304319404E-01
            .850562736E+00           .289034958E-01
            .857932604E+00           .274108119E-01
            .865144757E+00           .259544457E-01
            .872196116E+00           .245345669E-01
            .879083675E+00           .231511714E-01
            .885804517E+00           .218041963E-01
            .892355813E+00           .204936200E-01
            .898734794E+00           .192196965E-01
            .904938817E+00           .179834361E-01
            .910965418E+00           .167870221E-01
            .916812282E+00           .156333437E-01
            .922477185E+00           .145252022E-01
            .927957977E+00           .134648874E-01
            .933252567E+00           .124540667E-01
            .938358885E+00           .114937922E-01
            .943274938E+00           .105844955E-01
            .947998754E+00           .972589292E-02
            .952528344E+00           .891667098E-02
            .956861667E+00           .815416623E-02
            .960996632E+00           .743478922E-02
            .964931205E+00           .675487607E-02
            .968663470E+00           .611119255E-02
            .972191568E+00           .550109190E-02
            .975513776E+00           .492251444E-02
            .978628513E+00           .437394937E-02
            .981534273E+00           .385439254E-02
            .984229696E+00           .336330138E-02
            .986713547E+00           .290055938E-02
            .988984663E+00           .246644669E-02
            .991042027E+00           .206161004E-02
            .992884759E+00           .168704816E-02
            .994512081E+00           .134410966E-02
            .995923329E+00           .103451577E-02
            .997117987E+00           .760405093E-03
            .998095735E+00           .524430744E-03
            .998857088E+00           .329820009E-03
            .999406627E+00           .179797945E-03
            .999765506E+00           .741553577E-04
            .100000000E+01           .000000000E+00