PW75 sm
1.00000000 0.00000000
0.99635000 0.00001000
0.99002000 0.00012000
0.98277000 0.00037000
0.97479000 0.00073000
0.96645000 0.00118000
0.95796000 0.00168000
0.94937000 0.00223000
0.94072000 0.00281000
0.93203000 0.00344000
0.92333000 0.00409000
0.91460000 0.00478000
0.90586000 0.00548000
0.89711000 0.00622000
0.88835000 0.00697000
0.87960000 0.00774000
0.87083000 0.00852000
0.86204000 0.00932000
0.85326000 0.01013000
0.84451000 0.01095000
0.83574000 0.01180000
0.82696000 0.01266000
0.81818000 0.01353000
0.80942000 0.01440000
0.80067000 0.01529000
0.79192000 0.01618000
0.78315000 0.01709000
0.77441000 0.01800000
0.76569000 0.01894000
0.75697000 0.01986000
0.74824000 0.02081000
0.73948000 0.02176000
0.73070000 0.02271000
0.72194000 0.02366000
0.71320000 0.02461000
0.70446000 0.02556000
0.69572000 0.02652000
0.68700000 0.02745000
0.67827000 0.02840000
0.66952000 0.02934000
0.66075000 0.03028000
0.65198000 0.03122000
0.64321000 0.03215000
0.63445000 0.03308000
0.62569000 0.03401000
0.61691000 0.03493000
0.60815000 0.03586000
0.59939000 0.03676000
0.59062000 0.03766000
0.58183000 0.03855000
0.57305000 0.03944000
0.56426000 0.04033000
0.55547000 0.04119000
0.54668000 0.04205000
0.53789000 0.04290000
0.52911000 0.04374000
0.52034000 0.04456000
0.51155000 0.04537000
0.50278000 0.04617000
0.49403000 0.04696000
0.48531000 0.04772000
0.47658000 0.04847000
0.46788000 0.04921000
0.45913000 0.04992000
0.45037000 0.05062000
0.44165000 0.05130000
0.43292000 0.05197000
0.42420000 0.05260000
0.41545000 0.05322000
0.40673000 0.05381000
0.39798000 0.05438000
0.38925000 0.05492000
0.38051000 0.05543000
0.37178000 0.05592000
0.36306000 0.05640000
0.35433000 0.05683000
0.34559000 0.05724000
0.33690000 0.05761000
0.32821000 0.05795000
0.31950000 0.05825000
0.31081000 0.05852000
0.30211000 0.05875000
0.29343000 0.05896000
0.28475000 0.05912000
0.27609000 0.05924000
0.26747000 0.05931000
0.25882000 0.05932000
0.25017000 0.05931000
0.24157000 0.05924000
0.23296000 0.05912000
0.22437000 0.05894000
0.21579000 0.05870000
0.20723000 0.05842000
0.19871000 0.05806000
0.19021000 0.05764000
0.18172000 0.05714000
0.17326000 0.05658000
0.16484000 0.05595000
0.15648000 0.05522000
0.14809000 0.05440000
0.13977000 0.05351000
0.13150000 0.05252000
0.12329000 0.05142000
0.11510000 0.05022000
0.10700000 0.04892000
0.09900000 0.04751000
0.09107000 0.04596000
0.08320000 0.04428000
0.07549000 0.04247000
0.06789000 0.04052000
0.06050000 0.03844000
0.05332000 0.03620000
0.04634000 0.03380000
0.03974000 0.03129000
0.03354000 0.02867000
0.02786000 0.02601000
0.02282000 0.02338000
0.01847000 0.02083000
0.01479000 0.01847000
0.01177000 0.01634000
0.00931000 0.01438000
0.00731000 0.01258000
0.00566000 0.01092000
0.00432000 0.00939000
0.00324000 0.00794000
0.00237000 0.00658000
0.00166000 0.00530000
0.00107000 0.00412000
0.00060000 0.00301000
0.00026000 0.00196000
0.00006000 0.00095000
0.00000000 0.00000000
0.00000000 0.00000000
0.00011000 -0.00096000
0.00036000 -0.00196000
0.00079000 -0.00296000
0.00139000 -0.00397000
0.00218000 -0.00495000
0.00319000 -0.00590000
0.00443000 -0.00679000
0.00591000 -0.00766000
0.00765000 -0.00858000
0.00970000 -0.00956000
0.01213000 -0.01061000
0.01506000 -0.01170000
0.01864000 -0.01284000
0.02300000 -0.01408000
0.02820000 -0.01538000
0.03427000 -0.01670000
0.04107000 -0.01799000
0.04838000 -0.01919000
0.05611000 -0.02028000
0.06412000 -0.02129000
0.07227000 -0.02220000
0.08059000 -0.02301000
0.08899000 -0.02377000
0.09741000 -0.02444000
0.10593000 -0.02505000
0.11450000 -0.02560000
0.12308000 -0.02610000
0.13169000 -0.02654000
0.14036000 -0.02695000
0.14904000 -0.02731000
0.15774000 -0.02766000
0.16641000 -0.02796000
0.17515000 -0.02824000
0.18386000 -0.02849000
0.19259000 -0.02872000
0.20130000 -0.02892000
0.21006000 -0.02909000
0.21882000 -0.02924000
0.22759000 -0.02939000
0.23633000 -0.02952000
0.24509000 -0.02962000
0.25383000 -0.02970000
0.26261000 -0.02976000
0.27135000 -0.02982000
0.28004000 -0.02986000
0.28875000 -0.02989000
0.29745000 -0.02990000
0.30620000 -0.02991000
0.31499000 -0.02990000
0.32381000 -0.02989000
0.33262000 -0.02986000
0.34143000 -0.02982000
0.35024000 -0.02976000
0.35905000 -0.02970000
0.36785000 -0.02964000
0.37664000 -0.02956000
0.38545000 -0.02946000
0.39425000 -0.02936000
0.40303000 -0.02925000
0.41178000 -0.02913000
0.42053000 -0.02901000
0.42927000 -0.02887000
0.43802000 -0.02873000
0.44678000 -0.02857000
0.45558000 -0.02840000
0.46439000 -0.02824000
0.47318000 -0.02806000
0.48200000 -0.02787000
0.49082000 -0.02766000
0.49963000 -0.02745000
0.50842000 -0.02724000
0.51719000 -0.02702000
0.52597000 -0.02678000
0.53478000 -0.02654000
0.54359000 -0.02629000
0.55242000 -0.02603000
0.56124000 -0.02576000
0.57006000 -0.02548000
0.57889000 -0.02520000
0.58771000 -0.02491000
0.59653000 -0.02460000
0.60535000 -0.02430000
0.61417000 -0.02399000
0.62295000 -0.02366000
0.63174000 -0.02333000
0.64054000 -0.02300000
0.64934000 -0.02265000
0.65813000 -0.02229000
0.66689000 -0.02193000
0.67564000 -0.02156000
0.68439000 -0.02118000
0.69315000 -0.02078000
0.70194000 -0.02040000
0.71073000 -0.01999000
0.71952000 -0.01957000
0.72829000 -0.01916000
0.73706000 -0.01872000
0.74585000 -0.01828000
0.75464000 -0.01784000
0.76343000 -0.01738000
0.77221000 -0.01691000
0.78100000 -0.01641000
0.78980000 -0.01590000
0.79858000 -0.01538000
0.80731000 -0.01484000
0.81603000 -0.01428000
0.82477000 -0.01372000
0.83352000 -0.01314000
0.84230000 -0.01254000
0.85107000 -0.01193000
0.85986000 -0.01130000
0.86864000 -0.01065000
0.87745000 -0.01000000
0.88625000 -0.00933000
0.89505000 -0.00865000
0.90384000 -0.00797000
0.91263000 -0.00727000
0.92145000 -0.00656000
0.93028000 -0.00584000
0.93910000 -0.00512000
0.94789000 -0.00439000
0.95663000 -0.00366000
0.96533000 -0.00293000
0.97394000 -0.00221000
0.98224000 -0.00150000
0.98980000 -0.00085000
0.99633000 -0.00031000
1.00000000 0.00000000