PW98-mod sm
1.00000000 0.00000000
0.99648000 0.00005000
0.99032000 0.00025000
0.98316000 0.00060000
0.97527000 0.00105000
0.96702000 0.00160000
0.95860000 0.00222000
0.95000000 0.00289000
0.94131000 0.00361000
0.93260000 0.00435000
0.92389000 0.00511000
0.91517000 0.00591000
0.90641000 0.00674000
0.89760000 0.00758000
0.88879000 0.00843000
0.88001000 0.00929000
0.87123000 0.01018000
0.86241000 0.01107000
0.85360000 0.01197000
0.84483000 0.01287000
0.83606000 0.01378000
0.82731000 0.01470000
0.81858000 0.01562000
0.80985000 0.01653000
0.80109000 0.01745000
0.79232000 0.01838000
0.78353000 0.01931000
0.77474000 0.02025000
0.76598000 0.02118000
0.75726000 0.02212000
0.74855000 0.02304000
0.73981000 0.02398000
0.73104000 0.02492000
0.72228000 0.02585000
0.71354000 0.02679000
0.70481000 0.02772000
0.69606000 0.02866000
0.68730000 0.02959000
0.67853000 0.03051000
0.66973000 0.03145000
0.66093000 0.03238000
0.65214000 0.03331000
0.64335000 0.03423000
0.63458000 0.03514000
0.62582000 0.03604000
0.61710000 0.03694000
0.60840000 0.03784000
0.59966000 0.03872000
0.59090000 0.03960000
0.58214000 0.04047000
0.57336000 0.04132000
0.56456000 0.04218000
0.55580000 0.04303000
0.54702000 0.04387000
0.53827000 0.04469000
0.52951000 0.04549000
0.52076000 0.04629000
0.51198000 0.04707000
0.50321000 0.04785000
0.49442000 0.04860000
0.48564000 0.04934000
0.47686000 0.05006000
0.46806000 0.05077000
0.45926000 0.05146000
0.45050000 0.05214000
0.44174000 0.05279000
0.43297000 0.05342000
0.42420000 0.05403000
0.41544000 0.05462000
0.40672000 0.05517000
0.39797000 0.05570000
0.38921000 0.05621000
0.38047000 0.05669000
0.37174000 0.05715000
0.36301000 0.05757000
0.35428000 0.05796000
0.34556000 0.05832000
0.33683000 0.05865000
0.32810000 0.05894000
0.31939000 0.05921000
0.31072000 0.05944000
0.30201000 0.05962000
0.29333000 0.05977000
0.28463000 0.05989000
0.27598000 0.05996000
0.26734000 0.05998000
0.25868000 0.05996000
0.25003000 0.05989000
0.24141000 0.05978000
0.23282000 0.05962000
0.22426000 0.05940000
0.21569000 0.05911000
0.20715000 0.05877000
0.19863000 0.05837000
0.19016000 0.05790000
0.18169000 0.05734000
0.17322000 0.05673000
0.16482000 0.05604000
0.15646000 0.05527000
0.14811000 0.05440000
0.13980000 0.05347000
0.13157000 0.05243000
0.12338000 0.05130000
0.11525000 0.05006000
0.10717000 0.04872000
0.09920000 0.04726000
0.09128000 0.04568000
0.08349000 0.04398000
0.07580000 0.04215000
0.06828000 0.04018000
0.06089000 0.03807000
0.05376000 0.03583000
0.04684000 0.03344000
0.04027000 0.03095000
0.03412000 0.02836000
0.02847000 0.02572000
0.02342000 0.02311000
0.01905000 0.02061000
0.01535000 0.01827000
0.01229000 0.01617000
0.00979000 0.01425000
0.00775000 0.01247000
0.00606000 0.01083000
0.00467000 0.00932000
0.00353000 0.00790000
0.00261000 0.00657000
0.00186000 0.00531000
0.00124000 0.00413000
0.00074000 0.00301000
0.00036000 0.00196000
0.00009000 0.00096000
0.00000000 0.00000000
0.00000000 0.00000000
0.00007000 -0.00095000
0.00033000 -0.00191000
0.00079000 -0.00286000
0.00142000 -0.00379000
0.00224000 -0.00469000
0.00324000 -0.00555000
0.00445000 -0.00635000
0.00588000 -0.00712000
0.00755000 -0.00790000
0.00951000 -0.00871000
0.01182000 -0.00956000
0.01459000 -0.01045000
0.01795000 -0.01138000
0.02205000 -0.01238000
0.02697000 -0.01343000
0.03277000 -0.01448000
0.03944000 -0.01551000
0.04672000 -0.01650000
0.05442000 -0.01739000
0.06247000 -0.01819000
0.07067000 -0.01892000
0.07902000 -0.01956000
0.08747000 -0.02013000
0.09597000 -0.02064000
0.10452000 -0.02108000
0.11316000 -0.02148000
0.12181000 -0.02185000
0.13047000 -0.02217000
0.13918000 -0.02245000
0.14793000 -0.02270000
0.15667000 -0.02293000
0.16543000 -0.02312000
0.17421000 -0.02329000
0.18303000 -0.02345000
0.19183000 -0.02358000
0.20063000 -0.02370000
0.20943000 -0.02380000
0.21826000 -0.02389000
0.22707000 -0.02395000
0.23591000 -0.02401000
0.24475000 -0.02405000
0.25357000 -0.02408000
0.26241000 -0.02409000
0.27124000 -0.02410000
0.28002000 -0.02411000
0.28875000 -0.02410000
0.29750000 -0.02408000
0.30626000 -0.02404000
0.31508000 -0.02400000
0.32389000 -0.02396000
0.33268000 -0.02390000
0.34150000 -0.02384000
0.35033000 -0.02378000
0.35916000 -0.02370000
0.36801000 -0.02361000
0.37685000 -0.02354000
0.38570000 -0.02344000
0.39456000 -0.02333000
0.40343000 -0.02321000
0.41229000 -0.02310000
0.42113000 -0.02298000
0.42996000 -0.02285000
0.43877000 -0.02272000
0.44756000 -0.02258000
0.45636000 -0.02241000
0.46514000 -0.02226000
0.47393000 -0.02210000
0.48270000 -0.02194000
0.49148000 -0.02176000
0.50029000 -0.02158000
0.50911000 -0.02139000
0.51793000 -0.02119000
0.52675000 -0.02099000
0.53553000 -0.02078000
0.54429000 -0.02057000
0.55300000 -0.02034000
0.56171000 -0.02012000
0.57044000 -0.01989000
0.57920000 -0.01965000
0.58796000 -0.01940000
0.59670000 -0.01915000
0.60540000 -0.01888000
0.61409000 -0.01862000
0.62276000 -0.01835000
0.63146000 -0.01809000
0.64018000 -0.01780000
0.64896000 -0.01751000
0.65777000 -0.01721000
0.66658000 -0.01690000
0.67538000 -0.01658000
0.68413000 -0.01626000
0.69284000 -0.01592000
0.70153000 -0.01559000
0.71023000 -0.01525000
0.71897000 -0.01490000
0.72774000 -0.01456000
0.73651000 -0.01419000
0.74529000 -0.01382000
0.75407000 -0.01344000
0.76284000 -0.01306000
0.77160000 -0.01266000
0.78039000 -0.01225000
0.78920000 -0.01184000
0.79802000 -0.01143000
0.80684000 -0.01101000
0.81568000 -0.01057000
0.82451000 -0.01013000
0.83334000 -0.00969000
0.84217000 -0.00923000
0.85101000 -0.00877000
0.85986000 -0.00829000
0.86871000 -0.00782000
0.87753000 -0.00735000
0.88634000 -0.00686000
0.89517000 -0.00635000
0.90400000 -0.00585000
0.91283000 -0.00535000
0.92166000 -0.00484000
0.93049000 -0.00432000
0.93932000 -0.00378000
0.94817000 -0.00324000
0.95697000 -0.00271000
0.96569000 -0.00217000
0.97429000 -0.00164000
0.98255000 -0.00111000
0.99005000 -0.00063000
0.99644000 -0.00022000
1.00000000 0.00000000