TP-CIEL-S
1.00000000 -0.00096003
0.99575987 -0.00014000
0.98925968 0.00106003
0.98250948 0.00223007
0.97538926 0.00338010
0.96778903 0.00454014
0.95953879 0.00574017
0.95054852 0.00703021
0.94080822 0.00840025
0.93039791 0.00985030
0.91941758 0.01136034
0.90795724 0.01291039
0.89595688 0.01451044
0.88336650 0.01617049
0.87015610 0.01788054
0.85640569 0.01965059
0.84222527 0.02144064
0.82770483 0.02326070
0.81289439 0.02510075
0.79782393 0.02695081
0.78260348 0.02880086
0.76735302 0.03064092
0.75216256 0.03245097
0.73706211 0.03423103
0.72205166 0.03597108
0.70717122 0.03767113
0.69247077 0.03933118
0.67800034 0.04093123
0.66377991 0.04247127
0.64978949 0.04395132
0.63600908 0.04537136
0.62242867 0.04674140
0.60903827 0.04804144
0.59584788 0.04929148
0.58282748 0.05047151
0.56998710 0.05159155
0.55729672 0.05266158
0.54473634 0.05367161
0.53230597 0.05462164
0.51999560 0.05552167
0.50778523 0.05637169
0.49568487 0.05716171
0.48368451 0.05790174
0.47180415 0.05858176
0.46002380 0.05922178
0.44836345 0.05981179
0.43684311 0.06035181
0.42551277 0.06083182
0.41441243 0.06127184
0.40360211 0.06165185
0.39307179 0.06198186
0.38279148 0.06224187
0.37269118 0.06244187
0.36272088 0.06258188
0.35286059 0.06267188
0.34312029 0.06270188
0.33351001 0.06268188
0.32404972 0.06262188
0.31473944 0.06251188
0.30555917 0.06234187
0.29646889 0.06214186
0.28746862 0.06189186
0.27856836 0.06159185
0.26982809 0.06127184
0.26134784 0.06092183
0.25319760 0.06054182
0.24541736 0.06013180
0.23795714 0.05969179
0.23072692 0.05920178
0.22365671 0.05866176
0.21662650 0.05804174
0.20954629 0.05736172
0.20237607 0.05662170
0.19511585 0.05584168
0.18783564 0.05503165
0.18067542 0.05422163
0.17376521 0.05343160
0.16717502 0.05266158
0.16093483 0.05190156
0.15500465 0.05114153
0.14933448 0.05037151
0.14389432 0.04959149
0.13863416 0.04879146
0.13351401 0.04797144
0.12852386 0.04713141
0.12364371 0.04628139
0.11887357 0.04541136
0.11421343 0.04454134
0.10967329 0.04367131
0.10526316 0.04279128
0.10097303 0.04192126
0.09681290 0.04105123
0.09279278 0.04018121
0.08890267 0.03932118
0.08514255 0.03847115
0.08150245 0.03762113
0.07799234 0.03678110
0.07458224 0.03595108
0.07129214 0.03512105
0.06811204 0.03429103
0.06502195 0.03347100
0.06203186 0.03266098
0.05913177 0.03184096
0.05631169 0.03103093
0.05358161 0.03022091
0.05092153 0.02942088
0.04834145 0.02861086
0.04583137 0.02780083
0.04338130 0.02699081
0.04099123 0.02618079
0.03867116 0.02538076
0.03640109 0.02456074
0.03418103 0.02374071
0.03202096 0.02292069
0.02992090 0.02208066
0.02786084 0.02124064
0.02586078 0.02038061
0.02390072 0.01951059
0.02199066 0.01863056
0.02013060 0.01773053
0.01832055 0.01681050
0.01655050 0.01588048
0.01482044 0.01493045
0.01314039 0.01396042
0.01151035 0.01296039
0.00992030 0.01192036
0.00837025 0.01083032
0.00685021 0.00968029
0.00535016 0.00845025
0.00390012 0.00711021
0.00252008 0.00564017
0.00128004 0.00405012
0.00037001 0.00227007
0.00000000 0.00000000
0.00000000 0.00000000
0.00015000 -0.00239007
0.00120004 -0.00430013
0.00265008 -0.00587018
0.00424013 -0.00715021
0.00592018 -0.00824025
0.00764023 -0.00921028
0.00940028 -0.01011030
0.01121034 -0.01094033
0.01306039 -0.01172035
0.01496045 -0.01246037
0.01690051 -0.01316039
0.01889057 -0.01383041
0.02092063 -0.01448043
0.02301069 -0.01510045
0.02514075 -0.01569047
0.02734082 -0.01627049
0.02960089 -0.01683050
0.03191096 -0.01737052
0.03430103 -0.01791054
0.03675110 -0.01844055
0.03927118 -0.01896057
0.04187126 -0.01948058
0.04454134 -0.01999060
0.04730142 -0.02050062
0.05015150 -0.02100063
0.05309159 -0.02149064
0.05613168 -0.02198066
0.05927178 -0.02247067
0.06252188 -0.02295069
0.06588198 -0.02342070
0.06937208 -0.02389072
0.07299219 -0.02436073
0.07675230 -0.02483074
0.08066242 -0.02529076
0.08473254 -0.02575077
0.08897267 -0.02620079
0.09339280 -0.02666080
0.09801294 -0.02710081
0.10283308 -0.02755083
0.10787324 -0.02799084
0.11315339 -0.02842085
0.11869356 -0.02885087
0.12448373 -0.02927088
0.13055392 -0.02969089
0.13691411 -0.03010090
0.14358431 -0.03049091
0.15057452 -0.03088093
0.15790474 -0.03125094
0.16557497 -0.03161095
0.17361521 -0.03195096
0.18200546 -0.03228097
0.19077572 -0.03258098
0.19991600 -0.03286099
0.20941628 -0.03312099
0.21928658 -0.03335100
0.22949688 -0.03355101
0.24001720 -0.03372101
0.25082752 -0.03385102
0.26186786 -0.03395102
0.27310819 -0.03402102
0.28450854 -0.03404102
0.29604888 -0.03402102
0.30773923 -0.03395102
0.31960959 -0.03383101
0.33165995 -0.03367101
0.34389032 -0.03346100
0.35624069 -0.03322100
0.36865106 -0.03292099
0.38112143 -0.03259098
0.39366181 -0.03220097
0.40629219 -0.03178095
0.41901257 -0.03131094
0.43176295 -0.03080092
0.44447333 -0.03027091
0.45705371 -0.02970089
0.46944408 -0.02911087
0.48158445 -0.02850086
0.49342480 -0.02787084
0.50495515 -0.02722082
0.51618549 -0.02655080
0.52708581 -0.02590078
0.53764613 -0.02528076
0.54784644 -0.02472074
0.55764673 -0.02421073
0.56710701 -0.02372071
0.57629729 -0.02322070
0.58532756 -0.02265068
0.59434783 -0.02201066
0.60350811 -0.02130064
0.61293839 -0.02054062
0.62273868 -0.01975059
0.63297899 -0.01896057
0.64368931 -0.01817055
0.65488965 -0.01738052
0.66658000 -0.01655050
0.67877036 -0.01567047
0.69144074 -0.01472044
0.70456114 -0.01374041
0.71805154 -0.01274038
0.73181195 -0.01175035
0.74571237 -0.01076032
0.75965279 -0.00980029
0.77351321 -0.00886027
0.78721362 -0.00796024
0.80072402 -0.00711021
0.81400442 -0.00630019
0.82702481 -0.00554017
0.83978519 -0.00483014
0.85223557 -0.00417013
0.86432593 -0.00356011
0.87597628 -0.00300009
0.88710661 -0.00250008
0.89773693 -0.00207006
0.90794724 -0.00169005
0.91783754 -0.00136004
0.92747782 -0.00109003
0.93684811 -0.00085003
0.94583838 -0.00065002
0.95431863 -0.00049001
0.96219887 -0.00037001
0.96952909 -0.00031001
0.97641929 -0.00032001
0.98299949 -0.00042001
0.98939968 -0.00061002
0.99573987 -0.00090003
1.00000000 -0.00116003