TP60J
1.00000000 0.00039001
0.99565991 0.00076002
0.98810976 0.00149003
0.98006960 0.00233005
0.97182944 0.00321006
0.96356927 0.00409008
0.95531911 0.00496010
0.94704894 0.00582012
0.93876878 0.00668013
0.93048861 0.00753015
0.92221844 0.00838017
0.91392828 0.00922018
0.90564811 0.01007020
0.89736795 0.01092022
0.88908778 0.01177024
0.88080762 0.01262025
0.87252745 0.01347027
0.86423728 0.01433029
0.85596712 0.01518030
0.84768695 0.01603032
0.83941679 0.01688034
0.83114662 0.01772035
0.82287646 0.01856037
0.81461629 0.01941039
0.80635613 0.02025041
0.79811596 0.02108042
0.78986580 0.02191044
0.78159563 0.02273045
0.77333547 0.02356047
0.76507530 0.02437049
0.75680514 0.02519050
0.74853497 0.02601052
0.74026481 0.02681054
0.73200464 0.02761055
0.72373447 0.02841057
0.71545431 0.02921058
0.70721414 0.03000060
0.69896398 0.03077062
0.69070381 0.03156063
0.68243365 0.03233065
0.67416348 0.03310066
0.66588332 0.03386068
0.65762315 0.03461069
0.64935299 0.03535071
0.64107282 0.03608072
0.63279266 0.03681074
0.62452249 0.03753075
0.61624232 0.03825077
0.60796216 0.03896078
0.59968199 0.03966079
0.59140183 0.04034081
0.58313166 0.04102082
0.57483150 0.04168083
0.56656133 0.04233085
0.55829117 0.04296086
0.55000100 0.04358087
0.54171083 0.04419088
0.53344067 0.04478090
0.52515050 0.04536091
0.51687034 0.04592092
0.50859017 0.04645093
0.50030001 0.04698094
0.49201984 0.04749095
0.48372967 0.04798096
0.47543951 0.04846097
0.46713934 0.04892098
0.45884918 0.04937099
0.45055901 0.04980100
0.44226885 0.05022100
0.43397868 0.05062101
0.42568851 0.05100102
0.41739835 0.05136103
0.40909818 0.05170103
0.40080802 0.05203104
0.39251785 0.05234105
0.38422768 0.05263105
0.37592752 0.05290106
0.36763735 0.05316106
0.35935719 0.05339107
0.35106702 0.05359107
0.34276686 0.05378108
0.33448669 0.05395108
0.32620652 0.05409108
0.31790636 0.05420108
0.30962619 0.05430109
0.30134603 0.05435109
0.29305586 0.05439109
0.28477570 0.05440109
0.27649553 0.05437109
0.26820536 0.05432109
0.25994520 0.05424108
0.25166503 0.05412108
0.24339487 0.05397108
0.23512470 0.05378108
0.22686454 0.05356107
0.21860437 0.05329107
0.21035421 0.05298106
0.20211404 0.05263105
0.19386388 0.05223104
0.18562371 0.05178104
0.17741355 0.05128103
0.16919338 0.05072101
0.16097322 0.05011100
0.15279306 0.04943099
0.14460289 0.04869097
0.13645273 0.04788096
0.12829257 0.04698094
0.12016240 0.04601092
0.11206224 0.04495090
0.10400208 0.04379088
0.09594192 0.04252085
0.08795176 0.04113082
0.07999160 0.03962079
0.07210144 0.03797076
0.06430129 0.03616072
0.05657113 0.03415068
0.04895098 0.03196064
0.04149083 0.02955059
0.03422068 0.02688054
0.02723054 0.02394048
0.02065041 0.02071041
0.01472029 0.01729035
0.00990020 0.01394028
0.00629013 0.01085022
0.00377008 0.00833017
0.00217004 0.00648013
0.00124002 0.00451009
0.00071001 0.00287006
0.00039001 0.00168003
0.00013000 0.00060001
0.00000000 0.00000000
0.00000000 0.00000000
0.00023000 -0.00091002
0.00054001 -0.00202004
0.00093002 -0.00323006
0.00167003 -0.00494010
0.00291006 -0.00655013
0.00485010 -0.00821016
0.00773015 -0.01064021
0.01177024 -0.01318026
0.01718034 -0.01598032
0.02356047 -0.01866037
0.03055061 -0.02107042
0.03790076 -0.02318046
0.04551091 -0.02502050
0.05326107 -0.02664053
0.06111122 -0.02805056
0.06905138 -0.02928059
0.07706154 -0.03035061
0.08512170 -0.03130063
0.09322186 -0.03212064
0.10137203 -0.03285066
0.10954219 -0.03349067
0.11771235 -0.03405068
0.12590252 -0.03453069
0.13413268 -0.03495070
0.14235285 -0.03530071
0.15059301 -0.03561071
0.15883318 -0.03586072
0.16708334 -0.03606072
0.17534351 -0.03622072
0.18360367 -0.03633073
0.19187384 -0.03641073
0.20015400 -0.03646073
0.20842417 -0.03647073
0.21670433 -0.03644073
0.22499450 -0.03639073
0.23329467 -0.03632073
0.24157483 -0.03623072
0.24986500 -0.03611072
0.25816516 -0.03598072
0.26644533 -0.03583072
0.27474549 -0.03565071
0.28305566 -0.03545071
0.29134583 -0.03525071
0.29963599 -0.03502070
0.30794616 -0.03477070
0.31625633 -0.03451069
0.32453649 -0.03424068
0.33284666 -0.03395068
0.34115682 -0.03365067
0.34945699 -0.03334067
0.35776716 -0.03303066
0.36606732 -0.03270065
0.37436749 -0.03236065
0.38267765 -0.03201064
0.39097782 -0.03165063
0.39926799 -0.03127063
0.40756815 -0.03089062
0.41586832 -0.03051061
0.42416848 -0.03011060
0.43246865 -0.02971059
0.44077882 -0.02930059
0.44906898 -0.02889058
0.45736915 -0.02846057
0.46565931 -0.02803056
0.47395948 -0.02760055
0.48225965 -0.02715054
0.49055981 -0.02670053
0.49886998 -0.02624052
0.50717014 -0.02578052
0.51547031 -0.02531051
0.52377048 -0.02484050
0.53207064 -0.02437049
0.54037081 -0.02389048
0.54865097 -0.02342047
0.55692114 -0.02294046
0.56521130 -0.02245045
0.57351147 -0.02196044
0.58180164 -0.02147043
0.59011180 -0.02097042
0.59842197 -0.02047041
0.60672213 -0.01996040
0.61502230 -0.01945039
0.62333247 -0.01894038
0.63163263 -0.01843037
0.63993280 -0.01793036
0.64822296 -0.01741035
0.65651313 -0.01690034
0.66481330 -0.01639033
0.67311346 -0.01588032
0.68141363 -0.01538031
0.68970379 -0.01488030
0.69798396 -0.01437029
0.70626413 -0.01387028
0.71454429 -0.01337027
0.72282446 -0.01287026
0.73112462 -0.01237025
0.73942479 -0.01188024
0.74772495 -0.01138023
0.75601512 -0.01088022
0.76430529 -0.01040021
0.77259545 -0.00992020
0.78087562 -0.00943019
0.78915578 -0.00896018
0.79744595 -0.00849017
0.80575612 -0.00802016
0.81405628 -0.00756015
0.82235645 -0.00710014
0.83066661 -0.00666013
0.83897678 -0.00621012
0.84727695 -0.00577012
0.85557711 -0.00534011
0.86387728 -0.00492010
0.87216744 -0.00450009
0.88046761 -0.00409008
0.88875778 -0.00369007
0.89706794 -0.00331007
0.90536811 -0.00293006
0.91365827 -0.00256005
0.92194844 -0.00222004
0.93024860 -0.00189004
0.93854877 -0.00158003
0.94684894 -0.00128003
0.95513910 -0.00099002
0.96343927 -0.00072001
0.97175944 -0.00046001
0.98001960 -0.00021000
0.98804976 -0.00002000
0.99562991 0.00007000
1.00000000 0.00009000