1.000000000000000000e+00 1.389999999999999960e-03
9.899999999999999911e-01 4.029999999999999728e-03
9.799999999999999822e-01 6.559999999999999859e-03
9.699999999999999734e-01 9.069999999999999937e-03
9.599999999999999645e-01 1.154999999999999950e-02
9.499999999999999556e-01 1.400000000000000029e-02
9.399999999999999467e-01 1.643999999999999975e-02
9.300000000000000488e-01 1.885999999999999829e-02
9.200000000000000400e-01 2.128000000000000030e-02
9.100000000000000311e-01 2.369999999999999885e-02
9.000000000000000222e-01 2.610000000000000167e-02
8.750000000000000000e-01 3.209000000000000047e-02
8.499999999999999778e-01 3.801000000000000212e-02
8.249999999999999556e-01 4.386000000000000315e-02
8.000000000000000444e-01 4.964999999999999969e-02
7.750000000000000222e-01 5.535000000000000336e-02
7.500000000000000000e-01 6.094999999999999724e-02
7.249999999999999778e-01 6.643999999999999906e-02
6.999999999999999556e-01 7.183000000000000496e-02
6.750000000000000444e-01 7.710999999999999799e-02
6.500000000000000222e-01 8.228000000000000591e-02
6.250000000000000000e-01 8.729000000000000647e-02
5.999999999999999778e-01 9.211999999999999356e-02
5.749999999999999556e-01 9.675000000000000266e-02
5.500000000000000444e-01 1.011599999999999999e-01
5.250000000000000222e-01 1.052899999999999947e-01
5.000000000000000000e-01 1.091199999999999948e-01
4.749999999999999778e-01 1.125899999999999956e-01
4.500000000000000111e-01 1.156699999999999950e-01
4.400000000000000022e-01 1.167699999999999988e-01
4.299999999999999933e-01 1.177900000000000058e-01
4.199999999999999845e-01 1.187300000000000022e-01
4.099999999999999756e-01 1.195900000000000019e-01
4.000000000000000222e-01 1.203599999999999948e-01
3.900000000000000133e-01 1.210399999999999948e-01
3.800000000000000044e-01 1.216200000000000059e-01
3.699999999999999956e-01 1.220900000000000041e-01
3.599999999999999867e-01 1.224500000000000033e-01
3.499999999999999778e-01 1.226799999999999974e-01
3.400000000000000244e-01 1.227700000000000041e-01
3.300000000000000155e-01 1.227000000000000035e-01
3.200000000000000067e-01 1.224699999999999955e-01
3.099999999999999978e-01 1.220799999999999941e-01
2.999999999999999889e-01 1.215500000000000053e-01
2.899999999999999800e-01 1.208599999999999952e-01
2.800000000000000266e-01 1.200200000000000017e-01
2.700000000000000178e-01 1.190299999999999969e-01
2.600000000000000089e-01 1.178899999999999948e-01
2.500000000000000000e-01 1.166100000000000053e-01
2.399999999999999911e-01 1.151900000000000007e-01
2.300000000000000100e-01 1.136100000000000027e-01
2.200000000000000011e-01 1.118999999999999995e-01
2.099999999999999922e-01 1.100300000000000028e-01
2.000000000000000111e-01 1.080099999999999949e-01
1.900000000000000022e-01 1.058299999999999935e-01
1.799999999999999933e-01 1.034800000000000025e-01
1.700000000000000122e-01 1.009800000000000003e-01
1.600000000000000033e-01 9.829999999999999849e-02
1.499999999999999944e-01 9.544999999999999318e-02
1.400000000000000133e-01 9.241000000000000603e-02
1.300000000000000044e-01 8.916999999999999926e-02
1.199999999999999956e-01 8.572000000000000453e-02
1.100000000000000006e-01 8.204000000000000181e-02
1.000000000000000056e-01 7.811999999999999500e-02
9.500000000000000111e-02 7.605000000000000648e-02
8.999999999999999667e-02 7.391999999999999960e-02
8.500000000000000611e-02 7.169999999999999984e-02
8.000000000000000167e-02 6.940999999999999948e-02
7.499999999999999722e-02 6.703000000000000624e-02
7.000000000000000666e-02 6.454999999999999627e-02
6.500000000000000222e-02 6.198000000000000037e-02
5.999999999999999778e-02 5.929000000000000242e-02
5.500000000000000028e-02 5.648999999999999855e-02
5.000000000000000278e-02 5.355000000000000038e-02
4.499999999999999833e-02 5.047000000000000097e-02
4.000000000000000083e-02 4.721000000000000196e-02
3.500000000000000333e-02 4.377000000000000335e-02
2.999999999999999889e-02 4.009000000000000064e-02
2.500000000000000139e-02 3.615000000000000158e-02
2.000000000000000042e-02 3.185000000000000331e-02
1.750000000000000167e-02 2.953000000000000069e-02
1.499999999999999944e-02 2.707999999999999990e-02
1.250000000000000069e-02 2.444999999999999951e-02
1.000000000000000021e-02 2.161000000000000074e-02
8.999999999999999320e-03 2.040000000000000147e-02
8.000000000000000167e-03 1.914000000000000076e-02
7.000000000000000146e-03 1.780999999999999944e-02
6.000000000000000125e-03 1.640000000000000138e-02
5.000000000000000104e-03 1.489000000000000046e-02
4.000000000000000083e-03 1.325999999999999922e-02
3.000000000000000062e-03 1.145000000000000011e-02
2.000000000000000042e-03 9.339999999999999344e-03
1.750000000000000036e-03 8.739999999999999505e-03
1.500000000000000031e-03 8.080000000000000376e-03
1.250000000000000026e-03 7.360000000000000223e-03
1.000000000000000021e-03 6.559999999999999859e-03
7.500000000000000156e-04 5.649999999999999641e-03
5.000000000000000104e-04 4.559999999999999817e-03
4.000000000000000192e-04 4.060000000000000241e-03
2.999999999999999737e-04 3.490000000000000047e-03
2.000000000000000096e-04 2.830000000000000050e-03
1.000000000000000048e-04 1.979999999999999989e-03
0.000000000000000000e+00 0.000000000000000000e+00
1.000000000000000048e-04 -1.969999999999999963e-03
2.000000000000000096e-04 -2.789999999999999945e-03
2.999999999999999737e-04 -3.409999999999999837e-03
4.000000000000000192e-04 -3.939999999999999926e-03
5.000000000000000104e-04 -4.400000000000000265e-03
7.500000000000000156e-04 -5.389999999999999826e-03
1.000000000000000021e-03 -6.230000000000000294e-03
1.250000000000000026e-03 -6.969999999999999633e-03
1.500000000000000031e-03 -7.649999999999999682e-03
1.750000000000000036e-03 -8.269999999999999574e-03
2.000000000000000042e-03 -8.840000000000000635e-03
3.000000000000000062e-03 -1.086999999999999945e-02
4.000000000000000083e-03 -1.257999999999999917e-02
5.000000000000000104e-03 -1.409999999999999969e-02
6.000000000000000125e-03 -1.549000000000000030e-02
7.000000000000000146e-03 -1.677000000000000018e-02
8.000000000000000167e-03 -1.796000000000000027e-02
8.999999999999999320e-03 -1.908999999999999933e-02
1.000000000000000021e-02 -2.017000000000000043e-02
1.250000000000000069e-02 -2.266999999999999918e-02
1.499999999999999944e-02 -2.495999999999999955e-02
1.750000000000000167e-02 -2.709999999999999909e-02
2.000000000000000042e-02 -2.910000000000000087e-02
2.500000000000000139e-02 -3.278999999999999970e-02
2.999999999999999889e-02 -3.613000000000000239e-02
3.500000000000000333e-02 -3.919000000000000261e-02
4.000000000000000083e-02 -4.200999999999999873e-02
4.499999999999999833e-02 -4.463000000000000300e-02
5.000000000000000278e-02 -4.707999999999999685e-02
5.500000000000000028e-02 -4.938000000000000028e-02
5.999999999999999778e-02 -5.156000000000000166e-02
6.500000000000000222e-02 -5.362000000000000099e-02
7.000000000000000666e-02 -5.557999999999999746e-02
7.499999999999999722e-02 -5.743999999999999800e-02
8.000000000000000167e-02 -5.922000000000000181e-02
8.500000000000000611e-02 -6.092000000000000193e-02
8.999999999999999667e-02 -6.253999999999999837e-02
9.500000000000000111e-02 -6.410000000000000420e-02
1.000000000000000056e-01 -6.558999999999999553e-02
1.100000000000000006e-01 -6.837999999999999634e-02
1.199999999999999956e-01 -7.094999999999999918e-02
1.300000000000000044e-01 -7.330000000000000404e-02
1.400000000000000133e-01 -7.545000000000000318e-02
1.499999999999999944e-01 -7.741000000000000658e-02
1.600000000000000033e-01 -7.920000000000000651e-02
1.700000000000000122e-01 -8.082000000000000295e-02
1.799999999999999933e-01 -8.226999999999999591e-02
1.900000000000000022e-01 -8.355999999999999539e-02
2.000000000000000111e-01 -8.469000000000000139e-02
2.099999999999999922e-01 -8.568000000000000616e-02
2.200000000000000011e-01 -8.651999999999999968e-02
2.300000000000000100e-01 -8.720999999999999586e-02
2.399999999999999911e-01 -8.777000000000000079e-02
2.500000000000000000e-01 -8.819000000000000450e-02
2.600000000000000089e-01 -8.846999999999999309e-02
2.700000000000000178e-01 -8.862000000000000433e-02
2.800000000000000266e-01 -8.863999999999999657e-02
2.899999999999999800e-01 -8.852999999999999758e-02
2.999999999999999889e-01 -8.828999999999999349e-02
3.099999999999999978e-01 -8.791999999999999815e-02
3.200000000000000067e-01 -8.742999999999999383e-02
3.300000000000000155e-01 -8.681999999999999440e-02
3.400000000000000244e-01 -8.609999999999999598e-02
3.499999999999999778e-01 -8.526000000000000245e-02
3.599999999999999867e-01 -8.433000000000000218e-02
3.699999999999999956e-01 -8.329000000000000292e-02
3.800000000000000044e-01 -8.215999999999999692e-02
3.900000000000000133e-01 -8.093000000000000194e-02
4.000000000000000222e-01 -7.960000000000000409e-02
4.099999999999999756e-01 -7.817999999999999949e-02
4.199999999999999845e-01 -7.667000000000000204e-02
4.299999999999999933e-01 -7.506999999999999784e-02
4.400000000000000022e-01 -7.337000000000000466e-02
4.500000000000000111e-01 -7.159000000000000086e-02
4.749999999999999778e-01 -6.678000000000000602e-02
5.000000000000000000e-01 -6.149999999999999911e-02
5.250000000000000222e-01 -5.578000000000000319e-02
5.500000000000000444e-01 -4.973000000000000337e-02
5.749999999999999556e-01 -4.343000000000000332e-02
5.999999999999999778e-01 -3.694000000000000061e-02
6.250000000000000000e-01 -3.038000000000000075e-02
6.500000000000000222e-01 -2.384999999999999967e-02
6.750000000000000444e-01 -1.751000000000000126e-02
6.999999999999999556e-01 -1.150999999999999940e-02
7.249999999999999778e-01 -5.969999999999999613e-03
7.500000000000000000e-01 -1.049999999999999935e-03
7.750000000000000222e-01 3.119999999999999944e-03
8.000000000000000444e-01 6.349999999999999742e-03
8.249999999999999556e-01 8.550000000000000308e-03
8.499999999999999778e-01 9.730000000000000801e-03
8.750000000000000000e-01 9.879999999999999893e-03
9.000000000000000222e-01 9.020000000000000240e-03
9.100000000000000311e-01 8.410000000000000808e-03
9.200000000000000400e-01 7.660000000000000142e-03
9.300000000000000488e-01 6.779999999999999569e-03
9.399999999999999467e-01 5.780000000000000415e-03
9.499999999999999556e-01 4.680000000000000132e-03
9.599999999999999645e-01 3.490000000000000047e-03
9.699999999999999734e-01 2.230000000000000211e-03
9.799999999999999822e-01 9.499999999999999981e-04
9.899999999999999911e-01 -3.299999999999999982e-04
1.000000000000000000e+00 -1.389999999999999960e-03
