1.000000000000000000e+00 -2.131000000000000082e-03
9.966000000000000414e-01 -1.489000000000000089e-03
9.931400000000000228e-01 -8.570000000000000144e-04
9.896099999999999897e-01 -2.159999999999999919e-04
9.860100000000000531e-01 4.319999999999999838e-04
9.823499999999999455e-01 1.082999999999999978e-03
9.786299999999999999e-01 1.734000000000000081e-03
9.748400000000000398e-01 2.383999999999999835e-03
9.709799999999999542e-01 3.030000000000000141e-03
9.670600000000000307e-01 3.665999999999999988e-03
9.630699999999999816e-01 4.290999999999999676e-03
9.590199999999999836e-01 4.899999999999999842e-03
9.548999999999999710e-01 5.491000000000000221e-03
9.507200000000000095e-01 6.059000000000000150e-03
9.464700000000000335e-01 6.602000000000000229e-03
9.421599999999999975e-01 7.114999999999999797e-03
9.377799999999999470e-01 7.596000000000000321e-03
9.333299999999999930e-01 8.038999999999999271e-03
9.288199999999999790e-01 8.439999999999999586e-03
9.242500000000000160e-01 8.795999999999999999e-03
9.196100000000000385e-01 9.103999999999999246e-03
9.149000000000000465e-01 9.364000000000000795e-03
9.101299999999999946e-01 9.570000000000000381e-03
9.052900000000000391e-01 9.719999999999999474e-03
9.003900000000000237e-01 9.816000000000000072e-03
8.954199999999999937e-01 9.853000000000000647e-03
8.903900000000000148e-01 9.830999999999999461e-03
8.852900000000000214e-01 9.749000000000000721e-03
8.801299999999999679e-01 9.605999999999999955e-03
8.749000000000000110e-01 9.398999999999999369e-03
8.696099999999999941e-01 9.128000000000000697e-03
8.642499999999999627e-01 8.791999999999999468e-03
8.588200000000000278e-01 8.387000000000000358e-03
8.533300000000000329e-01 7.912000000000000630e-03
8.477799999999999780e-01 7.368000000000000417e-03
8.421600000000000197e-01 6.749999999999999924e-03
8.364700000000000468e-01 6.055999999999999751e-03
8.307200000000000140e-01 5.285999999999999900e-03
8.248999999999999666e-01 4.436999999999999972e-03
8.190190000000000525e-01 3.510000000000000099e-03
8.130699999999999594e-01 2.501000000000000185e-03
8.070599999999999996e-01 1.409000000000000096e-03
8.009800000000000253e-01 2.320000000000000014e-04
7.948399999999999910e-01 -1.026999999999999918e-03
7.886300000000000532e-01 -2.374999999999999941e-03
7.823499999999999899e-01 -3.807000000000000054e-03
7.760099999999999776e-01 -5.323999999999999740e-03
7.696100000000000163e-01 -6.923000000000000334e-03
7.631400000000000405e-01 -8.607999999999999333e-03
7.566000000000000503e-01 -1.037800000000000007e-02
7.500000000000000000e-01 -1.222600000000000076e-02
7.433300000000000463e-01 -1.415499999999999918e-02
7.366700000000000470e-01 -1.613699999999999857e-02
7.299999999999999822e-01 -1.817300000000000165e-02
7.233300000000000285e-01 -2.025800000000000170e-02
7.166700000000000292e-01 -2.238400000000000112e-02
7.099999999999999645e-01 -2.455500000000000044e-02
7.033300000000000107e-01 -2.676399999999999960e-02
6.966700000000000115e-01 -2.900300000000000100e-02
6.899999999999999467e-01 -3.127400000000000319e-02
6.833299999999999930e-01 -3.356900000000000162e-02
6.766699999999999937e-01 -3.588299999999999823e-02
6.700000000000000400e-01 -3.821900000000000297e-02
6.633299999999999752e-01 -4.057100000000000289e-02
6.566699999999999759e-01 -4.293000000000000288e-02
6.500000000000000222e-01 -4.529999999999999999e-02
6.433299999999999574e-01 -4.767300000000000010e-02
6.366699999999999582e-01 -5.004499999999999921e-02
6.300000000000000044e-01 -5.241699999999999832e-02
6.233300000000000507e-01 -5.478199999999999736e-02
6.166700000000000514e-01 -5.713300000000000323e-02
6.099999999999999867e-01 -5.947500000000000009e-02
6.033300000000000329e-01 -6.179799999999999877e-02
5.966700000000000337e-01 -6.410100000000000520e-02
5.899990000000000512e-01 -6.638499999999999956e-02
5.833300000000000152e-01 -6.864699999999999969e-02
5.766700000000000159e-01 -7.087899999999999756e-02
5.699999999999999512e-01 -7.308900000000000119e-02
5.633299999999999974e-01 -7.526900000000000257e-02
5.566699999999999982e-01 -7.741499999999999770e-02
5.500000000000000444e-01 -7.953200000000000547e-02
5.433299999999999796e-01 -8.161499999999999311e-02
5.366699999999999804e-01 -8.365999999999999825e-02
5.300000000000000266e-01 -8.566999999999999615e-02
5.233290000000000441e-01 -8.763899999999999468e-02
5.166699999999999626e-01 -8.956400000000000472e-02
5.100000000000000089e-01 -9.144800000000000151e-02
5.033300000000000551e-01 -9.328599999999999393e-02
4.966700000000000004e-01 -9.507500000000000673e-02
4.899999999999999911e-01 -9.681800000000000128e-02
4.833299999999999819e-01 -9.850899999999999934e-02
4.766699999999999826e-01 -1.001459999999999989e-01
4.699999999999999734e-01 -1.017320000000000030e-01
4.633300000000000196e-01 -1.032639999999999947e-01
4.566700000000000204e-01 -1.047359999999999958e-01
4.500000000000000111e-01 -1.061539999999999984e-01
4.433300000000000018e-01 -1.075149999999999995e-01
4.366700000000000026e-01 -1.088139999999999941e-01
4.299999999999999933e-01 -1.100560000000000010e-01
4.233299999999999841e-01 -1.112380000000000035e-01
4.166699999999999848e-01 -1.123600000000000015e-01
4.100010000000000043e-01 -1.134209999999999940e-01
4.033300000000000218e-01 -1.144229999999999969e-01
3.966700000000000226e-01 -1.153659999999999963e-01
3.900000000000000133e-01 -1.162529999999999952e-01
3.833300000000000041e-01 -1.170820000000000055e-01
3.766700000000000048e-01 -1.178529999999999994e-01
3.699999999999999956e-01 -1.185650000000000037e-01
3.633299999999999863e-01 -1.192170000000000035e-01
3.566699999999999871e-01 -1.198089999999999988e-01
3.499999999999999778e-01 -1.203420000000000045e-01
3.433300000000000241e-01 -1.208150000000000057e-01
3.366700000000000248e-01 -1.212260000000000004e-01
3.300000000000000155e-01 -1.215740000000000015e-01
3.233300000000000063e-01 -1.218560000000000060e-01
3.166700000000000070e-01 -1.220730000000000010e-01
3.099999999999999978e-01 -1.222219999999999973e-01
3.033299999999999885e-01 -1.223049999999999971e-01
2.966699999999999893e-01 -1.223199999999999982e-01
2.899999999999999800e-01 -1.222659999999999997e-01
2.833300000000000263e-01 -1.221420000000000006e-01
2.766700000000000270e-01 -1.219480000000000008e-01
2.700000000000000178e-01 -1.216829999999999995e-01
2.633300000000000085e-01 -1.213449999999999945e-01
2.566700000000000093e-01 -1.209350000000000008e-01
2.500000000000000000e-01 -1.204520000000000035e-01
2.434199999999999975e-01 -1.199019999999999947e-01
2.369300000000000017e-01 -1.192899999999999933e-01
2.305300000000000127e-01 -1.186180000000000012e-01
2.242099999999999926e-01 -1.178870000000000057e-01
2.179800000000000071e-01 -1.170989999999999948e-01
2.118400000000000005e-01 -1.162549999999999972e-01
2.057900000000000007e-01 -1.153580000000000022e-01
1.998199999999999976e-01 -1.144069999999999948e-01
1.939500000000000113e-01 -1.134079999999999949e-01
1.881599999999999939e-01 -1.123579999999999995e-01
1.824500000000000011e-01 -1.112579999999999958e-01
1.768399999999999972e-01 -1.101140000000000035e-01
1.713099999999999901e-01 -1.089230000000000059e-01
1.658699999999999897e-01 -1.076899999999999941e-01
1.605199999999999960e-01 -1.064159999999999967e-01
1.552590000000000081e-01 -1.051050000000000040e-01
1.500799999999999912e-01 -1.037550000000000000e-01
1.449900000000000078e-01 -1.023710000000000037e-01
1.399900000000000033e-01 -1.009540000000000021e-01
1.350800000000000056e-01 -9.950599999999999723e-02
1.302599999999999869e-01 -9.802800000000000402e-02
1.255199999999999927e-01 -9.651700000000000557e-02
1.208700000000000052e-01 -9.497899999999999399e-02
1.163099999999999967e-01 -9.341499999999999804e-02
1.118299999999999988e-01 -9.182300000000000184e-02
1.074500000000000038e-01 -9.021500000000000352e-02
1.031500000000000056e-01 -8.858099999999999308e-02
9.893000000000000405e-02 -8.692400000000000126e-02
9.481000000000000538e-02 -8.525399999999999645e-02
9.077000000000000346e-02 -8.356399999999999939e-02
8.683000000000000440e-02 -8.186400000000000621e-02
8.297000000000000208e-02 -8.014799999999999702e-02
7.918999999999999651e-02 -7.841499999999999859e-02
7.550999999999999379e-02 -7.667699999999999516e-02
7.191000000000000170e-02 -7.492400000000000448e-02
6.840000000000000246e-02 -7.316000000000000281e-02
6.497999999999999610e-02 -7.138700000000000601e-02
6.164000000000000035e-02 -6.959899999999999420e-02
5.840000000000000052e-02 -6.780400000000000316e-02
5.523999999999999744e-02 -6.599599999999999911e-02
5.217000000000000109e-02 -6.417699999999999794e-02
4.918000000000000149e-02 -6.234300000000000258e-02
4.628999999999999782e-02 -6.050599999999999729e-02
4.347999999999999782e-02 -5.865100000000000174e-02
4.075999999999999762e-02 -5.678799999999999820e-02
3.812000000000000111e-02 -5.490600000000000341e-02
3.558000000000000052e-02 -5.302099999999999869e-02
3.311999999999999666e-02 -5.111899999999999777e-02
3.074999999999999956e-02 -4.920900000000000274e-02
2.846999999999999878e-02 -4.729499999999999676e-02
2.627000000000000168e-02 -4.536699999999999761e-02
2.417000000000000051e-02 -4.344900000000000151e-02
2.214999999999999955e-02 -4.152499999999999941e-02
2.021999999999999839e-02 -3.960899999999999838e-02
1.837000000000000091e-02 -3.769499999999999934e-02
1.661999999999999936e-02 -3.580499999999999655e-02
1.494999999999999975e-02 -3.392099999999999976e-02
1.336999999999999994e-02 -3.205299999999999816e-02
1.187000000000000034e-02 -3.018799999999999956e-02
1.047000000000000014e-02 -2.835100000000000120e-02
9.150000000000000147e-03 -2.651799999999999990e-02
7.919999999999999957e-03 -2.469599999999999920e-02
6.779999999999999569e-03 -2.287900000000000003e-02
5.720000000000000258e-03 -2.103800000000000114e-02
4.760000000000000342e-03 -1.921099999999999891e-02
3.880000000000000202e-03 -1.735799999999999843e-02
3.089999999999999865e-03 -1.549200000000000056e-02
2.380000000000000171e-03 -1.358600000000000085e-02
1.770000000000000089e-03 -1.168699999999999947e-02
1.240000000000000000e-03 -9.742999999999999924e-03
8.000000000000000383e-04 -7.777000000000000059e-03
4.400000000000000157e-04 -5.719000000000000125e-03
1.800000000000000113e-04 -3.602999999999999866e-03
0.000000000000000000e+00 0.000000000000000000e+00
1.800000000000000113e-04 3.632999999999999945e-03
4.400000000000000157e-04 5.683999999999999816e-03
8.000000000000000383e-04 7.655999999999999611e-03
1.240000000000000000e-03 9.445000000000000270e-03
1.770000000000000089e-03 1.109599999999999996e-02
2.380000000000000171e-03 1.260599999999999915e-02
3.089999999999999865e-03 1.409400000000000062e-02
3.880000000000000202e-03 1.556899999999999951e-02
4.760000000000000342e-03 1.705600000000000172e-02
5.720000000000000258e-03 1.854700000000000099e-02
6.779999999999999569e-03 2.007199999999999956e-02
7.919999999999999957e-03 2.160899999999999974e-02
9.150000000000000147e-03 2.316899999999999862e-02
1.047000000000000014e-02 2.475300000000000070e-02
1.187000000000000034e-02 2.634600000000000136e-02
1.336999999999999994e-02 2.797300000000000134e-02
1.494999999999999975e-02 2.960799999999999890e-02
1.661999999999999936e-02 3.126400000000000012e-02
1.837000000000000091e-02 3.292899999999999994e-02
2.021999999999999839e-02 3.462200000000000000e-02
2.214999999999999955e-02 3.632300000000000112e-02
2.417000000000000051e-02 3.803999999999999743e-02
2.627000000000000168e-02 3.976400000000000073e-02
2.846999999999999878e-02 4.150800000000000323e-02
3.074999999999999956e-02 4.325699999999999684e-02
3.311999999999999666e-02 4.501700000000000146e-02
3.558000000000000052e-02 4.678700000000000220e-02
3.812000000000000111e-02 4.856100000000000000e-02
4.075999999999999762e-02 5.034899999999999792e-02
4.347999999999999782e-02 5.213700000000000279e-02
4.628999999999999782e-02 5.393200000000000077e-02
4.918000000000000149e-02 5.572599999999999776e-02
5.217000000000000109e-02 5.752800000000000274e-02
5.523999999999999744e-02 5.932899999999999979e-02
5.840000000000000052e-02 6.113199999999999884e-02
6.164000000000000035e-02 6.293200000000000183e-02
6.497999999999999610e-02 6.473800000000000388e-02
6.840000000000000246e-02 6.653900000000000092e-02
7.191000000000000170e-02 6.833799999999999597e-02
7.550999999999999379e-02 7.013400000000000190e-02
7.918999999999999651e-02 7.192199999999999982e-02
8.297000000000000208e-02 7.370999999999999774e-02
8.683000000000000440e-02 7.548699999999999855e-02
9.077000000000000346e-02 7.725200000000000122e-02
9.481000000000000538e-02 7.901500000000000190e-02
9.893000000000000405e-02 8.076400000000000245e-02
1.031500000000000056e-01 8.250699999999999701e-02
1.074500000000000038e-01 8.423500000000000432e-02
1.118299999999999988e-01 8.594799999999999662e-02
1.163099999999999967e-01 8.765100000000000668e-02
1.208700000000000052e-01 8.933599999999999874e-02
1.255199999999999927e-01 9.100800000000000556e-02
1.302599999999999869e-01 9.266299999999999537e-02
1.350800000000000056e-01 9.429700000000000581e-02
1.399900000000000033e-01 9.591299999999999826e-02
1.449900000000000078e-01 9.750899999999999845e-02
1.500799999999999912e-01 9.908500000000000640e-02
1.552600000000000091e-01 1.006390000000000062e-01
1.605199999999999960e-01 1.021679999999999949e-01
1.658699999999999897e-01 1.036720000000000003e-01
1.713099999999999901e-01 1.051509999999999945e-01
1.768399999999999972e-01 1.066040000000000043e-01
1.824500000000000011e-01 1.080249999999999960e-01
1.881599999999999939e-01 1.094190000000000024e-01
1.939500000000000113e-01 1.107790000000000025e-01
1.998199999999999976e-01 1.121029999999999943e-01
2.057900000000000007e-01 1.133949999999999958e-01
2.118400000000000005e-01 1.146479999999999999e-01
2.179800000000000071e-01 1.158629999999999938e-01
2.242099999999999926e-01 1.170390000000000041e-01
2.305300000000000127e-01 1.181730000000000003e-01
2.369300000000000017e-01 1.192610000000000059e-01
2.434199999999999975e-01 1.203029999999999933e-01
2.500000000000000000e-01 1.212980000000000030e-01
2.566700000000000093e-01 1.222420000000000034e-01
2.633300000000000085e-01 1.231199999999999933e-01
2.700000000000000178e-01 1.239360000000000045e-01
2.766700000000000270e-01 1.246879999999999933e-01
2.833300000000000263e-01 1.253759999999999875e-01
2.899999999999999800e-01 1.260000000000000009e-01
2.966699999999999893e-01 1.265600000000000058e-01
3.033299999999999885e-01 1.270540000000000003e-01
3.099999999999999978e-01 1.274859999999999882e-01
3.166700000000000070e-01 1.278499999999999914e-01
3.233300000000000063e-01 1.281470000000000109e-01
3.300000000000000155e-01 1.283739999999999881e-01
3.366700000000000248e-01 1.285320000000000074e-01
3.433300000000000241e-01 1.286180000000000101e-01
3.499999999999999778e-01 1.286349999999999993e-01
3.566699999999999871e-01 1.285820000000000018e-01
3.633299999999999863e-01 1.284619999999999929e-01
3.699999999999999956e-01 1.282760000000000011e-01
3.766700000000000048e-01 1.280320000000000069e-01
3.833300000000000041e-01 1.277320000000000122e-01
3.900000000000000133e-01 1.273819999999999952e-01
3.966700000000000226e-01 1.269849999999999868e-01
4.033300000000000218e-01 1.265449999999999908e-01
4.099990000000000023e-01 1.260620000000000074e-01
4.166699999999999848e-01 1.255360000000000087e-01
4.233299999999999841e-01 1.249709999999999988e-01
4.299999999999999933e-01 1.243640000000000023e-01
4.366700000000000026e-01 1.237169999999999936e-01
4.433300000000000018e-01 1.230300000000000005e-01
4.500000000000000111e-01 1.223039999999999961e-01
4.566700000000000204e-01 1.215399999999999953e-01
4.633300000000000196e-01 1.207420000000000021e-01
4.699999999999999734e-01 1.199090000000000017e-01
4.766699999999999826e-01 1.190439999999999970e-01
4.833299999999999819e-01 1.181510000000000060e-01
4.899999999999999911e-01 1.172279999999999989e-01
4.966700000000000004e-01 1.162789999999999935e-01
5.033300000000000551e-01 1.153020000000000017e-01
5.100000000000000089e-01 1.142969999999999958e-01
5.166699999999999626e-01 1.132660000000000056e-01
5.233299999999999619e-01 1.122090000000000032e-01
5.300000000000000266e-01 1.111240000000000006e-01
5.366699999999999804e-01 1.100140000000000007e-01
5.433299999999999796e-01 1.088829999999999937e-01
5.500000000000000444e-01 1.077280000000000043e-01
5.566699999999999982e-01 1.065490000000000048e-01
5.633299999999999974e-01 1.053510000000000002e-01
5.699999999999999512e-01 1.041300000000000003e-01
5.766700000000000159e-01 1.028899999999999954e-01
5.833300000000000152e-01 1.016320000000000001e-01
5.899999999999999689e-01 1.003529999999999978e-01
5.966700000000000337e-01 9.905799999999999328e-02
6.033300000000000329e-01 9.774800000000000155e-02
6.099999999999999867e-01 9.641800000000000370e-02
6.166700000000000514e-01 9.507100000000000273e-02
6.233300000000000507e-01 9.370799999999999963e-02
6.300000000000000044e-01 9.232799999999999341e-02
6.366699999999999582e-01 9.093400000000000094e-02
6.433299999999999574e-01 8.952699999999999547e-02
6.500000000000000222e-01 8.810300000000000076e-02
6.566699999999999759e-01 8.666600000000000692e-02
6.633299999999999752e-01 8.521700000000000108e-02
6.700000000000000400e-01 8.375399999999999512e-02
6.766699999999999937e-01 8.227900000000000491e-02
6.833299999999999930e-01 8.079500000000000570e-02
6.899999999999999467e-01 7.929899999999999449e-02
6.966700000000000115e-01 7.779099999999999904e-02
7.033300000000000107e-01 7.627599999999999658e-02
7.099999999999999645e-01 7.475099999999999800e-02
7.166700000000000292e-01 7.321600000000000330e-02
7.233300000000000285e-01 7.167600000000000360e-02
7.299999999999999822e-01 7.012799999999999589e-02
7.366700000000000470e-01 6.857299999999999507e-02
7.433300000000000463e-01 6.701400000000000412e-02
7.500000000000000000e-01 6.544400000000000217e-02
7.566000000000000503e-01 6.388299999999999534e-02
7.631400000000000405e-01 6.232800000000000146e-02
7.696100000000000163e-01 6.078200000000000269e-02
7.760099999999999776e-01 5.924499999999999905e-02
7.823499999999999899e-01 5.771400000000000141e-02
7.886300000000000532e-01 5.619299999999999989e-02
7.948399999999999910e-01 5.468200000000000144e-02
8.009800000000000253e-01 5.318500000000000311e-02
8.070599999999999996e-01 5.169900000000000190e-02
8.130699999999999594e-01 5.022599999999999981e-02
8.190199999999999703e-01 4.876500000000000279e-02
8.248999999999999666e-01 4.731899999999999995e-02
8.307200000000000140e-01 4.588600000000000317e-02
8.364700000000000468e-01 4.446699999999999958e-02
8.421600000000000197e-01 4.306000000000000105e-02
8.477799999999999780e-01 4.166600000000000165e-02
8.533300000000000329e-01 4.028500000000000136e-02
8.588200000000000278e-01 3.891499999999999820e-02
8.642499999999999627e-01 3.755800000000000111e-02
8.696099999999999941e-01 3.621499999999999719e-02
8.749000000000000110e-01 3.488700000000000134e-02
8.801299999999999679e-01 3.357199999999999768e-02
8.852900000000000214e-01 3.227399999999999713e-02
8.903900000000000148e-01 3.098899999999999919e-02
8.954199999999999937e-01 2.971899999999999889e-02
9.003900000000000237e-01 2.846399999999999972e-02
9.052900000000000391e-01 2.722400000000000167e-02
9.101299999999999946e-01 2.599699999999999928e-02
9.149000000000000465e-01 2.478700000000000001e-02
9.196100000000000385e-01 2.358999999999999986e-02
9.242500000000000160e-01 2.240999999999999936e-02
9.288199999999999790e-01 2.124500000000000000e-02
9.333299999999999930e-01 2.009299999999999975e-02
9.377799999999999470e-01 1.895399999999999863e-02
9.421599999999999975e-01 1.782900000000000110e-02
9.464700000000000335e-01 1.671900000000000122e-02
9.507200000000000095e-01 1.562200000000000047e-02
9.549009999999999998e-01 1.453899999999999984e-02
9.590199999999999836e-01 1.346499999999999954e-02
9.630689999999999529e-01 1.240300000000000083e-02
9.670600000000000307e-01 1.134800000000000045e-02
9.709799999999999542e-01 1.030099999999999939e-02
9.748400000000000398e-01 9.258999999999999869e-03
9.786299999999999999e-01 8.224000000000000407e-03
9.823499999999999455e-01 7.196000000000000139e-03
9.860100000000000531e-01 6.171000000000000270e-03
9.896099999999999897e-01 5.151000000000000197e-03
9.931400000000000228e-01 4.139000000000000318e-03
9.966000000000000414e-01 3.137000000000000031e-03
1.000000000000000000e+00 2.131000000000000082e-03
