1.000000000000000000e+00 -2.459999999999999947e-03
9.966000000000000414e-01 -1.580000000000000024e-03
9.931400000000000228e-01 -7.089999999999999948e-04
9.896099999999999897e-01 1.210000000000000002e-04
9.860100000000000531e-01 9.039999999999999642e-04
9.823499999999999455e-01 1.634000000000000036e-03
9.786299999999999999e-01 2.311999999999999819e-03
9.748400000000000398e-01 2.942000000000000171e-03
9.709799999999999542e-01 3.520999999999999824e-03
9.670600000000000307e-01 4.046000000000000117e-03
9.630699999999999816e-01 4.517000000000000182e-03
9.590199999999999836e-01 4.928000000000000089e-03
9.548999999999999710e-01 5.282000000000000237e-03
9.507200000000000095e-01 5.582000000000000156e-03
9.464700000000000335e-01 5.827999999999999847e-03
9.421599999999999975e-01 6.015999999999999646e-03
9.377799999999999470e-01 6.148999999999999952e-03
9.333299999999999930e-01 6.225999999999999764e-03
9.288199999999999790e-01 6.250000000000000347e-03
9.242500000000000160e-01 6.220999999999999967e-03
9.196100000000000385e-01 6.137000000000000094e-03
9.149000000000000465e-01 5.998999999999999992e-03
9.101299999999999946e-01 5.804000000000000131e-03
9.052900000000000391e-01 5.551999999999999644e-03
9.003900000000000237e-01 5.240999999999999999e-03
8.954199999999999937e-01 4.871999999999999595e-03
8.903900000000000148e-01 4.444000000000000034e-03
8.852900000000000214e-01 3.954000000000000049e-03
8.801299999999999679e-01 3.399999999999999811e-03
8.749000000000000110e-01 2.778999999999999786e-03
8.696099999999999941e-01 2.095000000000000074e-03
8.642499999999999627e-01 1.342000000000000094e-03
8.588200000000000278e-01 5.209999999999999788e-04
8.533300000000000329e-01 -3.680000000000000003e-04
8.477799999999999780e-01 -1.327000000000000055e-03
8.421600000000000197e-01 -2.357000000000000154e-03
8.364700000000000468e-01 -3.457000000000000003e-03
8.307200000000000140e-01 -4.623999999999999638e-03
8.248999999999999666e-01 -5.860999999999999890e-03
8.190199999999999703e-01 -7.165999999999999627e-03
8.130699999999999594e-01 -8.540000000000000716e-03
8.070599999999999996e-01 -9.983999999999999819e-03
8.009800000000000253e-01 -1.149999999999999981e-02
7.948399999999999910e-01 -1.308600000000000041e-02
7.886300000000000532e-01 -1.474299999999999916e-02
7.823499999999999899e-01 -1.647099999999999953e-02
7.760099999999999776e-01 -1.826600000000000099e-02
7.696100000000000163e-01 -2.012699999999999906e-02
7.631400000000000405e-01 -2.205400000000000069e-02
7.566000000000000503e-01 -2.404699999999999893e-02
7.500000000000000000e-01 -2.610099999999999920e-02
7.433300000000000463e-01 -2.821800000000000003e-02
7.366700000000000470e-01 -3.036900000000000016e-02
7.299999999999999822e-01 -3.255700000000000260e-02
7.233300000000000285e-01 -3.477800000000000336e-02
7.166700000000000292e-01 -3.702600000000000335e-02
7.099999999999999645e-01 -3.930600000000000066e-02
7.033300000000000107e-01 -4.161200000000000315e-02
6.966700000000000115e-01 -4.393999999999999989e-02
6.899999999999999467e-01 -4.629400000000000182e-02
6.833299999999999930e-01 -4.866899999999999699e-02
6.766699999999999937e-01 -5.106000000000000122e-02
6.700000000000000400e-01 -5.347099999999999770e-02
6.633299999999999752e-01 -5.589800000000000324e-02
6.566699999999999759e-01 -5.833499999999999797e-02
6.500000000000000222e-01 -6.078800000000000175e-02
6.433299999999999574e-01 -6.325200000000000267e-02
6.366699999999999582e-01 -6.572100000000000164e-02
6.300000000000000044e-01 -6.820400000000000074e-02
6.233300000000000507e-01 -7.069499999999999396e-02
6.166700000000000514e-01 -7.318800000000000305e-02
6.099999999999999867e-01 -7.568900000000000627e-02
6.033300000000000329e-01 -7.819199999999999762e-02
5.966700000000000337e-01 -8.069600000000000384e-02
5.899999999999999689e-01 -8.320400000000000018e-02
5.833300000000000152e-01 -8.571199999999999652e-02
5.766700000000000159e-01 -8.821299999999999975e-02
5.699999999999999512e-01 -9.071400000000000297e-02
5.633299999999999974e-01 -9.321100000000000219e-02
5.566699999999999982e-01 -9.569800000000000528e-02
5.500000000000000444e-01 -9.817900000000000238e-02
5.433299999999999796e-01 -1.006490000000000024e-01
5.366699999999999804e-01 -1.031040000000000012e-01
5.300000000000000266e-01 -1.055510000000000059e-01
5.233299999999999619e-01 -1.079849999999999977e-01
5.166699999999999626e-01 -1.104020000000000001e-01
5.100000000000000089e-01 -1.128080000000000055e-01
5.033300000000000551e-01 -1.151979999999999948e-01
4.966700000000000004e-01 -1.175670000000000048e-01
4.899999999999999911e-01 -1.199199999999999988e-01
4.833310000000000106e-01 -1.222509999999999986e-01
4.766699999999999826e-01 -1.245549999999999990e-01
4.699999999999999734e-01 -1.268340000000000023e-01
4.633300000000000196e-01 -1.290840000000000043e-01
4.566700000000000204e-01 -1.312969999999999970e-01
4.500000000000000111e-01 -1.334780000000000133e-01
4.433300000000000018e-01 -1.356189999999999896e-01
4.366700000000000026e-01 -1.377180000000000071e-01
4.299999999999999933e-01 -1.397740000000000093e-01
4.233299999999999841e-01 -1.417829999999999924e-01
4.166699999999999848e-01 -1.437410000000000077e-01
4.099999999999999756e-01 -1.456550000000000067e-01
4.033300000000000218e-01 -1.475150000000000072e-01
3.966700000000000226e-01 -1.493099999999999983e-01
3.900000000000000133e-01 -1.510410000000000086e-01
3.833300000000000041e-01 -1.527040000000000064e-01
3.766700000000000048e-01 -1.542890000000000095e-01
3.699999999999999956e-01 -1.557959999999999900e-01
3.633299999999999863e-01 -1.572179999999999966e-01
3.566699999999999871e-01 -1.585529999999999995e-01
3.499999999999999778e-01 -1.597959999999999936e-01
3.433300000000000241e-01 -1.609399999999999997e-01
3.366700000000000248e-01 -1.619790000000000119e-01
3.300000000000000155e-01 -1.629130000000000023e-01
3.233300000000000063e-01 -1.637359999999999927e-01
3.166700000000000070e-01 -1.644450000000000078e-01
3.099999999999999978e-01 -1.650290000000000090e-01
3.033299999999999885e-01 -1.654819999999999902e-01
2.966699999999999893e-01 -1.658010000000000039e-01
2.899999999999999800e-01 -1.659809999999999897e-01
2.833300000000000263e-01 -1.660200000000000009e-01
2.766700000000000270e-01 -1.659160000000000079e-01
2.700000000000000178e-01 -1.656650000000000067e-01
2.633300000000000085e-01 -1.652599999999999902e-01
2.566700000000000093e-01 -1.647019999999999873e-01
2.500000000000000000e-01 -1.639909999999999979e-01
2.434199999999999975e-01 -1.631350000000000022e-01
2.369300000000000017e-01 -1.621380000000000043e-01
2.305300000000000127e-01 -1.610109999999999875e-01
2.242099999999999926e-01 -1.597609999999999864e-01
2.179810000000000081e-01 -1.583980000000000110e-01
2.118400000000000005e-01 -1.569319999999999882e-01
2.057900000000000007e-01 -1.553690000000000071e-01
1.998199999999999976e-01 -1.537129999999999885e-01
1.939500000000000113e-01 -1.519810000000000050e-01
1.881599999999999939e-01 -1.501699999999999979e-01
1.824500000000000011e-01 -1.482819999999999971e-01
1.768399999999999972e-01 -1.463319999999999899e-01
1.713099999999999901e-01 -1.443200000000000038e-01
1.658699999999999897e-01 -1.422529999999999906e-01
1.605199999999999960e-01 -1.401360000000000106e-01
1.552600000000000091e-01 -1.379710000000000103e-01
1.500799999999999912e-01 -1.357589999999999908e-01
1.449900000000000078e-01 -1.335040000000000115e-01
1.399900000000000033e-01 -1.312109999999999943e-01
1.350800000000000056e-01 -1.288809999999999956e-01
1.302599999999999869e-01 -1.265189999999999926e-01
1.255199999999999927e-01 -1.241199999999999942e-01
1.208700000000000052e-01 -1.216900000000000065e-01
1.163099999999999967e-01 -1.192330000000000056e-01
1.118299999999999988e-01 -1.167490000000000056e-01
1.074500000000000038e-01 -1.142520000000000063e-01
1.031500000000000056e-01 -1.117319999999999980e-01
9.893000000000000405e-02 -1.091899999999999954e-01
9.481000000000000538e-02 -1.066450000000000037e-01
9.077000000000000346e-02 -1.040839999999999960e-01
8.683000000000000440e-02 -1.015240000000000031e-01
8.297000000000000208e-02 -9.895299999999999929e-02
7.918999999999999651e-02 -9.636899999999999633e-02
7.550999999999999379e-02 -9.379200000000000037e-02
7.191000000000000170e-02 -9.120499999999999441e-02
6.840000000000000246e-02 -8.862000000000000433e-02
6.497999999999999610e-02 -8.603700000000000236e-02
6.164000000000000035e-02 -8.344899999999999540e-02
5.840000000000000052e-02 -8.087800000000000544e-02
5.523999999999999744e-02 -7.830700000000000160e-02
5.217000000000000109e-02 -7.574400000000000577e-02
4.918000000000000149e-02 -7.318199999999999705e-02
4.628999999999999782e-02 -7.064099999999999546e-02
4.347999999999999782e-02 -6.810599999999999987e-02
4.075999999999999762e-02 -6.558700000000000641e-02
3.812000000000000111e-02 -6.307799999999999518e-02
3.558000000000000052e-02 -6.059900000000000009e-02
3.311999999999999666e-02 -5.813200000000000311e-02
3.074999999999999956e-02 -5.569199999999999845e-02
2.846999999999999878e-02 -5.327599999999999697e-02
2.627000000000000168e-02 -5.087699999999999861e-02
2.417000000000000051e-02 -4.851500000000000257e-02
2.214999999999999955e-02 -4.616699999999999970e-02
2.021999999999999839e-02 -4.384699999999999709e-02
1.837000000000000091e-02 -4.154399999999999760e-02
1.661999999999999936e-02 -3.928600000000000148e-02
1.494999999999999975e-02 -3.704999999999999960e-02
1.336999999999999994e-02 -3.484899999999999803e-02
1.187000000000000034e-02 -3.266600000000000059e-02
1.047000000000000014e-02 -3.052799999999999958e-02
9.150000000000000147e-03 -2.840099999999999916e-02
7.919999999999999957e-03 -2.630400000000000099e-02
6.779999999999999569e-03 -2.423399999999999860e-02
5.720000000000000258e-03 -2.216800000000000020e-02
4.760000000000000342e-03 -2.013900000000000065e-02
3.880000000000000202e-03 -1.811099999999999863e-02
3.089999999999999865e-03 -1.611299999999999885e-02
2.380000000000000171e-03 -1.411600000000000008e-02
1.770000000000000089e-03 -1.215899999999999967e-02
1.240000000000000000e-03 -1.016700000000000069e-02
8.000000000000000383e-04 -8.144999999999999463e-03
4.400000000000000157e-04 -6.006000000000000054e-03
1.800000000000000113e-04 -3.820000000000000045e-03
0.000000000000000000e+00 0.000000000000000000e+00
1.800000000000000113e-04 3.902000000000000086e-03
4.400000000000000157e-04 6.120999999999999705e-03
8.000000000000000383e-04 8.200999999999999956e-03
1.240000000000000000e-03 1.010199999999999987e-02
1.770000000000000089e-03 1.193699999999999969e-02
2.380000000000000171e-03 1.370000000000000037e-02
3.089999999999999865e-03 1.548000000000000070e-02
3.880000000000000202e-03 1.725099999999999897e-02
4.760000000000000342e-03 1.904099999999999890e-02
5.720000000000000258e-03 2.083000000000000129e-02
6.779999999999999569e-03 2.266400000000000012e-02
7.919999999999999957e-03 2.450300000000000047e-02
9.150000000000000147e-03 2.637300000000000061e-02
1.047000000000000014e-02 2.826599999999999946e-02
1.187000000000000034e-02 3.016999999999999890e-02
1.336999999999999994e-02 3.210699999999999665e-02
1.494999999999999975e-02 3.405099999999999794e-02
1.661999999999999936e-02 3.601800000000000140e-02
1.837000000000000091e-02 3.799099999999999699e-02
2.021999999999999839e-02 3.999199999999999977e-02
2.214999999999999955e-02 4.199800000000000061e-02
2.417000000000000051e-02 4.401800000000000157e-02
2.627000000000000168e-02 4.603899999999999659e-02
2.846999999999999878e-02 4.808099999999999874e-02
3.074999999999999956e-02 5.012300000000000089e-02
3.311999999999999666e-02 5.217299999999999716e-02
3.558000000000000052e-02 5.423000000000000043e-02
3.812000000000000111e-02 5.628600000000000270e-02
4.075999999999999762e-02 5.835200000000000109e-02
4.347999999999999782e-02 6.041500000000000342e-02
4.628999999999999782e-02 6.247799999999999881e-02
4.918000000000000149e-02 6.453499999999999515e-02
5.217000000000000109e-02 6.659800000000000442e-02
5.523999999999999744e-02 6.865100000000000369e-02
5.840000000000000052e-02 7.069999999999999896e-02
6.164000000000000035e-02 7.273699999999999610e-02
6.497999999999999610e-02 7.477399999999999325e-02
6.840000000000000246e-02 7.679800000000000515e-02
7.191000000000000170e-02 7.881299999999999417e-02
7.550999999999999379e-02 8.081699999999999995e-02
7.918999999999999651e-02 8.280300000000000160e-02
8.297000000000000208e-02 8.478299999999999725e-02
8.683000000000000440e-02 8.674500000000000266e-02
9.077000000000000346e-02 8.868499999999999994e-02
9.481000000000000538e-02 9.061199999999999810e-02
9.893000000000000405e-02 9.251700000000000201e-02
1.031500000000000056e-01 9.440600000000000380e-02
1.074500000000000038e-01 9.627099999999999547e-02
1.118299999999999988e-01 9.811000000000000276e-02
1.163099999999999967e-01 9.992900000000000393e-02
1.208700000000000052e-01 1.017190000000000039e-01
1.255199999999999927e-01 1.034840000000000065e-01
1.302599999999999869e-01 1.052209999999999951e-01
1.350800000000000056e-01 1.069250000000000062e-01
1.399900000000000033e-01 1.085990000000000011e-01
1.449900000000000078e-01 1.102400000000000047e-01
1.500799999999999912e-01 1.118460000000000010e-01
1.552600000000000091e-01 1.134170000000000039e-01
1.605199999999999960e-01 1.149479999999999946e-01
1.658699999999999897e-01 1.164400000000000018e-01
1.713099999999999901e-01 1.178919999999999968e-01
1.768399999999999972e-01 1.193000000000000033e-01
1.824500000000000011e-01 1.206600000000000034e-01
1.881599999999999939e-01 1.219739999999999991e-01
1.939500000000000113e-01 1.232359999999999983e-01
1.998199999999999976e-01 1.244429999999999981e-01
2.057900000000000007e-01 1.255940000000000112e-01
2.118400000000000005e-01 1.266839999999999911e-01
2.179800000000000071e-01 1.277069999999999872e-01
2.242099999999999926e-01 1.286640000000000006e-01
2.305300000000000127e-01 1.295479999999999965e-01
2.369300000000000017e-01 1.303559999999999997e-01
2.434199999999999975e-01 1.310860000000000081e-01
2.500000000000000000e-01 1.317369999999999930e-01
2.566700000000000093e-01 1.323080000000000089e-01
2.633300000000000085e-01 1.327959999999999974e-01
2.700000000000000178e-01 1.332069999999999921e-01
2.766700000000000270e-01 1.335449999999999970e-01
2.833289999999999975e-01 1.338110000000000133e-01
2.899999999999999800e-01 1.340109999999999912e-01
2.966699999999999893e-01 1.341469999999999885e-01
3.033299999999999885e-01 1.342230000000000090e-01
3.099999999999999978e-01 1.342399999999999982e-01
3.166700000000000070e-01 1.342000000000000137e-01
3.233300000000000063e-01 1.341070000000000040e-01
3.300000000000000155e-01 1.339609999999999967e-01
3.366700000000000248e-01 1.337659999999999960e-01
3.433300000000000241e-01 1.335220000000000018e-01
3.499999999999999778e-01 1.332319999999999893e-01
3.566699999999999871e-01 1.328969999999999874e-01
3.633299999999999863e-01 1.325189999999999979e-01
3.699999999999999956e-01 1.320979999999999932e-01
3.766700000000000048e-01 1.316350000000000020e-01
3.833300000000000041e-01 1.311340000000000006e-01
3.899989999999999846e-01 1.305920000000000136e-01
3.966700000000000226e-01 1.300129999999999897e-01
4.033300000000000218e-01 1.293980000000000130e-01
4.099999999999999756e-01 1.287459999999999993e-01
4.166699999999999848e-01 1.280600000000000072e-01
4.233299999999999841e-01 1.273420000000000107e-01
4.299999999999999933e-01 1.265910000000000091e-01
4.366700000000000026e-01 1.258080000000000032e-01
4.433300000000000018e-01 1.249959999999999960e-01
4.500000000000000111e-01 1.241529999999999995e-01
4.566700000000000204e-01 1.232820000000000027e-01
4.633300000000000196e-01 1.223859999999999948e-01
4.699999999999999734e-01 1.214620000000000005e-01
4.766699999999999826e-01 1.205139999999999961e-01
4.833299999999999819e-01 1.195409999999999945e-01
4.899999999999999911e-01 1.185429999999999956e-01
4.966700000000000004e-01 1.175199999999999995e-01
5.033300000000000551e-01 1.164759999999999962e-01
5.100000000000000089e-01 1.154059999999999947e-01
5.166699999999999626e-01 1.143160000000000009e-01
5.233299999999999619e-01 1.132050000000000001e-01
5.299989999999999979e-01 1.120720000000000049e-01
5.366699999999999804e-01 1.109180000000000027e-01
5.433299999999999796e-01 1.097459999999999963e-01
5.500000000000000444e-01 1.085529999999999967e-01
5.566699999999999982e-01 1.073420000000000069e-01
5.633299999999999974e-01 1.061129999999999990e-01
5.699999999999999512e-01 1.048639999999999989e-01
5.766700000000000159e-01 1.035969999999999946e-01
5.833300000000000152e-01 1.023170000000000052e-01
5.899999999999999689e-01 1.010189999999999977e-01
5.966700000000000337e-01 9.970299999999999996e-02
6.033300000000000329e-01 9.837200000000000111e-02
6.099999999999999867e-01 9.702500000000000013e-02
6.166700000000000514e-01 9.566199999999999704e-02
6.233300000000000507e-01 9.428799999999999681e-02
6.300000000000000044e-01 9.289799999999999447e-02
6.366699999999999582e-01 9.149300000000000488e-02
6.433299999999999574e-01 9.007600000000000329e-02
6.500000000000000222e-01 8.864400000000000057e-02
6.566699999999999759e-01 8.720100000000000073e-02
6.633299999999999752e-01 8.574800000000000477e-02
6.700000000000000400e-01 8.427900000000000669e-02
6.766699999999999937e-01 8.280099999999999960e-02
6.833299999999999930e-01 8.131299999999999639e-02
6.899999999999999467e-01 7.981199999999999406e-02
6.966700000000000115e-01 7.830099999999999560e-02
7.033300000000000107e-01 7.678100000000000203e-02
7.099999999999999645e-01 7.525099999999999845e-02
7.166700000000000292e-01 7.371099999999999874e-02
7.233300000000000285e-01 7.216599999999999404e-02
7.299999999999999822e-01 7.060900000000000509e-02
7.366700000000000470e-01 6.904399999999999427e-02
7.433300000000000463e-01 6.747200000000000419e-02
7.500000000000000000e-01 6.589200000000000612e-02
7.566000000000000503e-01 6.432000000000000217e-02
7.631400000000000405e-01 6.275400000000000422e-02
7.696100000000000163e-01 6.119800000000000240e-02
7.760099999999999776e-01 5.965299999999999769e-02
7.823499999999999899e-01 5.811800000000000299e-02
7.886300000000000532e-01 5.659000000000000141e-02
7.948399999999999910e-01 5.507499999999999896e-02
8.009800000000000253e-01 5.357200000000000156e-02
8.070599999999999996e-01 5.207799999999999929e-02
8.130699999999999594e-01 5.059600000000000208e-02
8.190199999999999703e-01 4.912500000000000200e-02
8.248999999999999666e-01 4.766900000000000304e-02
8.307200000000000140e-01 4.622400000000000120e-02
8.364700000000000468e-01 4.479199999999999848e-02
8.421600000000000197e-01 4.337300000000000183e-02
8.477799999999999780e-01 4.196899999999999936e-02
8.533300000000000329e-01 4.058099999999999902e-02
8.588200000000000278e-01 3.920499999999999680e-02
8.642499999999999627e-01 3.784099999999999964e-02
8.696099999999999941e-01 3.649399999999999866e-02
8.749000000000000110e-01 3.516299999999999981e-02
8.801299999999999679e-01 3.384600000000000108e-02
8.852900000000000214e-01 3.254599999999999854e-02
8.903900000000000148e-01 3.125900000000000206e-02
8.954199999999999937e-01 2.998699999999999977e-02
9.003900000000000237e-01 2.872900000000000106e-02
9.052900000000000391e-01 2.748899999999999955e-02
9.101299999999999946e-01 2.626300000000000162e-02
9.149000000000000465e-01 2.505299999999999888e-02
9.196100000000000385e-01 2.385599999999999873e-02
9.242500000000000160e-01 2.267500000000000071e-02
9.288199999999999790e-01 2.151000000000000134e-02
9.333299999999999930e-01 2.035800000000000110e-02
9.377799999999999470e-01 1.922000000000000097e-02
9.421599999999999975e-01 1.809499999999999997e-02
9.464700000000000335e-01 1.698399999999999910e-02
9.507200000000000095e-01 1.588300000000000128e-02
9.548999999999999710e-01 1.479300000000000059e-02
9.590199999999999836e-01 1.370999999999999996e-02
9.630699999999999816e-01 1.263700000000000066e-02
9.670600000000000307e-01 1.157000000000000042e-02
9.709799999999999542e-01 1.051299999999999978e-02
9.748400000000000398e-01 9.464999999999999455e-03
9.786299999999999999e-01 8.425999999999999462e-03
9.823499999999999455e-01 7.398000000000000062e-03
9.860100000000000531e-01 6.375999999999999723e-03
9.896099999999999897e-01 5.363999999999999845e-03
9.931400000000000228e-01 4.370999999999999885e-03
9.966000000000000414e-01 3.402000000000000076e-03
1.000000000000000000e+00 2.459999999999999947e-03
