1.000000000000000000e+00 -2.830000000000000050e-03
9.966000000000000414e-01 -1.899999999999999996e-03
9.931400000000000228e-01 -9.700000000000000505e-04
9.896099999999999897e-01 -1.100000000000000039e-04
9.860100000000000531e-01 6.899999999999999667e-04
9.823499999999999455e-01 1.410000000000000012e-03
9.786299999999999999e-01 2.060000000000000199e-03
9.748400000000000398e-01 2.639999999999999986e-03
9.709799999999999542e-01 3.150000000000000022e-03
9.670600000000000307e-01 3.579999999999999849e-03
9.630699999999999816e-01 3.939999999999999926e-03
9.590199999999999836e-01 4.199999999999999740e-03
9.548999999999999710e-01 4.389999999999999805e-03
9.507200000000000095e-01 4.510000000000000120e-03
9.464700000000000335e-01 4.550000000000000225e-03
9.421599999999999975e-01 4.519999999999999712e-03
9.377799999999999470e-01 4.409999999999999858e-03
9.333299999999999930e-01 4.250000000000000305e-03
9.288199999999999790e-01 4.009999999999999676e-03
9.242500000000000160e-01 3.700000000000000164e-03
9.196100000000000385e-01 3.350000000000000113e-03
9.149000000000000465e-01 2.929999999999999879e-03
9.101299999999999946e-01 2.429999999999999868e-03
9.052900000000000391e-01 1.889999999999999970e-03
9.003900000000000237e-01 1.280000000000000105e-03
8.954199999999999937e-01 6.099999999999999737e-04
8.903900000000000148e-01 -1.399999999999999877e-04
8.852900000000000214e-01 -9.499999999999999981e-04
8.801299999999999679e-01 -1.820000000000000003e-03
8.749000000000000110e-01 -2.759999999999999867e-03
8.696099999999999941e-01 -3.769999999999999914e-03
8.642499999999999627e-01 -4.870000000000000197e-03
8.588200000000000278e-01 -6.040000000000000230e-03
8.533300000000000329e-01 -7.270000000000000420e-03
8.477799999999999780e-01 -8.580000000000000820e-03
8.421600000000000197e-01 -9.960000000000000103e-03
8.364700000000000468e-01 -1.141999999999999960e-02
8.307200000000000140e-01 -1.294000000000000011e-02
8.248999999999999666e-01 -1.454000000000000084e-02
8.190199999999999703e-01 -1.620999999999999872e-02
8.130699999999999594e-01 -1.794000000000000108e-02
8.070599999999999996e-01 -1.974000000000000060e-02
8.009800000000000253e-01 -2.162000000000000033e-02
7.948399999999999910e-01 -2.357000000000000067e-02
7.886300000000000532e-01 -2.556999999999999898e-02
7.823499999999999899e-01 -2.765000000000000097e-02
7.760099999999999776e-01 -2.979000000000000051e-02
7.696100000000000163e-01 -3.198999999999999760e-02
7.631400000000000405e-01 -3.425000000000000266e-02
7.566000000000000503e-01 -3.658000000000000140e-02
7.500000000000000000e-01 -3.896000000000000157e-02
7.433300000000000463e-01 -4.139999999999999930e-02
7.366700000000000470e-01 -4.386000000000000315e-02
7.299999999999999822e-01 -4.637000000000000149e-02
7.233300000000000285e-01 -4.889000000000000290e-02
7.166700000000000292e-01 -5.143999999999999961e-02
7.099999999999999645e-01 -5.401000000000000245e-02
7.033300000000000107e-01 -5.661000000000000060e-02
6.966700000000000115e-01 -5.922000000000000181e-02
6.899999999999999467e-01 -6.185999999999999832e-02
6.833299999999999930e-01 -6.451999999999999402e-02
6.766699999999999937e-01 -6.718999999999999972e-02
6.700000000000000400e-01 -6.987000000000000155e-02
6.633299999999999752e-01 -7.256999999999999562e-02
6.566699999999999759e-01 -7.528999999999999582e-02
6.500000000000000222e-01 -7.800999999999999601e-02
6.433299999999999574e-01 -8.074000000000000621e-02
6.366699999999999582e-01 -8.347999999999999865e-02
6.300000000000000044e-01 -8.623999999999999722e-02
6.233300000000000507e-01 -8.901000000000000578e-02
6.166700000000000514e-01 -9.178000000000000047e-02
6.099999999999999867e-01 -9.456000000000000516e-02
6.033300000000000329e-01 -9.733999999999999597e-02
5.966700000000000337e-01 -1.001400000000000068e-01
5.899999999999999689e-01 -1.029299999999999937e-01
5.833300000000000152e-01 -1.057300000000000045e-01
5.766700000000000159e-01 -1.085300000000000015e-01
5.699999999999999512e-01 -1.113299999999999984e-01
5.633299999999999974e-01 -1.141299999999999953e-01
5.566699999999999982e-01 -1.169199999999999962e-01
5.500000000000000444e-01 -1.197000000000000008e-01
5.433299999999999796e-01 -1.224699999999999955e-01
5.366699999999999804e-01 -1.252199999999999980e-01
5.300000000000000266e-01 -1.279700000000000004e-01
5.233299999999999619e-01 -1.307099999999999929e-01
5.166699999999999626e-01 -1.334200000000000108e-01
5.100000000000000089e-01 -1.361300000000000010e-01
5.033300000000000551e-01 -1.388099999999999890e-01
4.966700000000000004e-01 -1.414700000000000124e-01
4.899999999999999911e-01 -1.441000000000000059e-01
4.833299999999999819e-01 -1.467100000000000071e-01
4.766699999999999826e-01 -1.492999999999999883e-01
4.699999999999999734e-01 -1.518500000000000127e-01
4.633300000000000196e-01 -1.543599999999999972e-01
4.566700000000000204e-01 -1.568400000000000072e-01
4.500000000000000111e-01 -1.592899999999999872e-01
4.433300000000000018e-01 -1.616700000000000081e-01
4.366700000000000026e-01 -1.640199999999999991e-01
4.299999999999999933e-01 -1.663100000000000134e-01
4.233299999999999841e-01 -1.685500000000000054e-01
4.166699999999999848e-01 -1.707400000000000029e-01
4.099999999999999756e-01 -1.728800000000000059e-01
4.033300000000000218e-01 -1.749600000000000044e-01
3.966700000000000226e-01 -1.769499999999999962e-01
3.900000000000000133e-01 -1.788899999999999935e-01
3.833300000000000041e-01 -1.807400000000000118e-01
3.766700000000000048e-01 -1.825100000000000056e-01
3.699999999999999956e-01 -1.841800000000000104e-01
3.633299999999999863e-01 -1.857699999999999907e-01
3.566699999999999871e-01 -1.872499999999999998e-01
3.499999999999999778e-01 -1.886400000000000021e-01
3.433300000000000241e-01 -1.899099999999999955e-01
3.366700000000000248e-01 -1.910699999999999898e-01
3.300000000000000155e-01 -1.921100000000000030e-01
3.233300000000000063e-01 -1.930300000000000071e-01
3.166700000000000070e-01 -1.938300000000000023e-01
3.099999999999999978e-01 -1.944799999999999862e-01
3.033299999999999885e-01 -1.949799999999999867e-01
2.966699999999999893e-01 -1.953499999999999959e-01
2.899999999999999800e-01 -1.955600000000000116e-01
2.833300000000000263e-01 -1.956199999999999883e-01
2.766700000000000270e-01 -1.955199999999999994e-01
2.700000000000000178e-01 -1.952500000000000069e-01
2.633300000000000085e-01 -1.948100000000000109e-01
2.566700000000000093e-01 -1.942000000000000115e-01
2.500000000000000000e-01 -1.934299999999999908e-01
2.434199999999999975e-01 -1.925000000000000044e-01
2.369300000000000017e-01 -1.913999999999999868e-01
2.305300000000000127e-01 -1.901500000000000135e-01
2.242099999999999926e-01 -1.887699999999999934e-01
2.179800000000000071e-01 -1.872699999999999920e-01
2.118400000000000005e-01 -1.856399999999999995e-01
2.057900000000000007e-01 -1.839099999999999902e-01
1.998199999999999976e-01 -1.820700000000000096e-01
1.939500000000000113e-01 -1.801500000000000046e-01
1.881599999999999939e-01 -1.781399999999999928e-01
1.824500000000000011e-01 -1.760299999999999920e-01
1.768399999999999972e-01 -1.738699999999999968e-01
1.713099999999999901e-01 -1.716300000000000048e-01
1.658699999999999897e-01 -1.693199999999999983e-01
1.605199999999999960e-01 -1.669599999999999973e-01
1.552600000000000091e-01 -1.645399999999999918e-01
1.500799999999999912e-01 -1.620699999999999918e-01
1.449900000000000078e-01 -1.595399999999999874e-01
1.399900000000000033e-01 -1.569699999999999984e-01
1.350800000000000056e-01 -1.543499999999999872e-01
1.302599999999999869e-01 -1.516899999999999915e-01
1.255199999999999927e-01 -1.489800000000000013e-01
1.208700000000000052e-01 -1.462400000000000089e-01
1.163099999999999967e-01 -1.434499999999999942e-01
1.118299999999999988e-01 -1.406499999999999972e-01
1.074500000000000038e-01 -1.378000000000000058e-01
1.031500000000000056e-01 -1.349400000000000044e-01
9.893000000000000405e-02 -1.320500000000000007e-01
9.481000000000000538e-02 -1.291400000000000048e-01
9.077000000000000346e-02 -1.261899999999999966e-01
8.683000000000000440e-02 -1.232499999999999984e-01
8.297000000000000208e-02 -1.202799999999999980e-01
7.918999999999999651e-02 -1.173000000000000015e-01
7.550999999999999379e-02 -1.143099999999999949e-01
7.191000000000000170e-02 -1.113100000000000062e-01
6.840000000000000246e-02 -1.082899999999999974e-01
6.497999999999999610e-02 -1.052799999999999986e-01
6.164000000000000035e-02 -1.022499999999999937e-01
5.840000000000000052e-02 -9.925000000000000488e-02
5.523999999999999744e-02 -9.621999999999999997e-02
5.217000000000000109e-02 -9.321000000000000119e-02
4.918000000000000149e-02 -9.020000000000000240e-02
4.628999999999999782e-02 -8.719999999999999973e-02
4.347999999999999782e-02 -8.422000000000000319e-02
4.075999999999999762e-02 -8.125000000000000278e-02
3.812000000000000111e-02 -7.828000000000000236e-02
3.558000000000000052e-02 -7.535999999999999643e-02
3.311999999999999666e-02 -7.244000000000000439e-02
3.074999999999999956e-02 -6.955000000000000071e-02
2.846999999999999878e-02 -6.669999999999999540e-02
2.627000000000000168e-02 -6.386000000000000010e-02
2.417000000000000051e-02 -6.105000000000000010e-02
2.214999999999999955e-02 -5.825000000000000316e-02
2.021999999999999839e-02 -5.546999999999999847e-02
1.837000000000000091e-02 -5.269000000000000072e-02
1.661999999999999936e-02 -4.995000000000000134e-02
1.494999999999999975e-02 -4.721000000000000196e-02
1.336999999999999994e-02 -4.449999999999999789e-02
1.187000000000000034e-02 -4.177999999999999770e-02
1.047000000000000014e-02 -3.910999999999999893e-02
9.150000000000000147e-03 -3.642000000000000098e-02
7.919999999999999957e-03 -3.375999999999999834e-02
6.779999999999999569e-03 -3.111999999999999836e-02
5.720000000000000258e-03 -2.847999999999999837e-02
4.760000000000000342e-03 -2.585000000000000145e-02
3.880000000000000202e-03 -2.316999999999999962e-02
3.089999999999999865e-03 -2.049000000000000127e-02
2.380000000000000171e-03 -1.776000000000000148e-02
1.770000000000000089e-03 -1.508999999999999925e-02
1.240000000000000000e-03 -1.246000000000000059e-02
8.000000000000000383e-04 -9.900000000000000813e-03
4.400000000000000157e-04 -7.259999999999999960e-03
1.800000000000000113e-04 -4.610000000000000382e-03
0.000000000000000000e+00 0.000000000000000000e+00
1.800000000000000113e-04 4.649999999999999620e-03
4.400000000000000157e-04 7.329999999999999710e-03
8.000000000000000383e-04 9.900000000000000813e-03
1.240000000000000000e-03 1.239999999999999956e-02
1.770000000000000089e-03 1.502999999999999996e-02
2.380000000000000171e-03 1.773999999999999883e-02
3.089999999999999865e-03 2.055999999999999842e-02
3.880000000000000202e-03 2.329000000000000167e-02
4.760000000000000342e-03 2.591999999999999860e-02
5.720000000000000258e-03 2.844999999999999959e-02
6.779999999999999569e-03 3.096000000000000141e-02
7.919999999999999957e-03 3.343000000000000138e-02
9.150000000000000147e-03 3.590999999999999748e-02
1.047000000000000014e-02 3.839999999999999664e-02
1.187000000000000034e-02 4.087999999999999967e-02
1.336999999999999994e-02 4.338999999999999801e-02
1.494999999999999975e-02 4.589000000000000024e-02
1.661999999999999936e-02 4.841000000000000164e-02
1.837000000000000091e-02 5.090999999999999692e-02
2.021999999999999839e-02 5.344000000000000139e-02
2.214999999999999955e-02 5.596000000000000280e-02
2.417000000000000051e-02 5.847000000000000114e-02
2.627000000000000168e-02 6.097000000000000336e-02
2.846999999999999878e-02 6.347999999999999476e-02
3.074999999999999956e-02 6.597000000000000086e-02
3.311999999999999666e-02 6.847000000000000308e-02
3.558000000000000052e-02 7.095999999999999530e-02
3.812000000000000111e-02 7.345000000000000140e-02
4.075999999999999762e-02 7.592000000000000137e-02
4.347999999999999782e-02 7.839000000000000135e-02
4.628999999999999782e-02 8.083999999999999519e-02
4.918000000000000149e-02 8.326999999999999680e-02
5.217000000000000109e-02 8.569000000000000228e-02
5.523999999999999744e-02 8.809000000000000163e-02
5.840000000000000052e-02 9.048000000000000487e-02
6.164000000000000035e-02 9.284000000000000585e-02
6.497999999999999610e-02 9.517000000000000459e-02
6.840000000000000246e-02 9.750000000000000333e-02
7.191000000000000170e-02 9.979000000000000370e-02
7.550999999999999379e-02 1.020699999999999941e-01
7.918999999999999651e-02 1.043000000000000038e-01
8.297000000000000208e-02 1.065200000000000036e-01
8.683000000000000440e-02 1.087100000000000011e-01
9.077000000000000346e-02 1.108699999999999963e-01
9.481000000000000538e-02 1.129899999999999932e-01
9.893000000000000405e-02 1.150899999999999979e-01
1.031500000000000056e-01 1.171500000000000041e-01
1.074500000000000038e-01 1.191699999999999982e-01
1.118299999999999988e-01 1.211499999999999938e-01
1.163099999999999967e-01 1.231099999999999972e-01
1.208700000000000052e-01 1.250199999999999922e-01
1.255199999999999927e-01 1.268900000000000028e-01
1.302599999999999869e-01 1.287300000000000111e-01
1.350800000000000056e-01 1.305199999999999971e-01
1.399900000000000033e-01 1.322599999999999887e-01
1.449900000000000078e-01 1.339599999999999957e-01
1.500799999999999912e-01 1.356100000000000083e-01
1.552600000000000091e-01 1.372099999999999986e-01
1.605199999999999960e-01 1.387500000000000122e-01
1.658699999999999897e-01 1.402500000000000135e-01
1.713099999999999901e-01 1.416900000000000104e-01
1.768399999999999972e-01 1.430800000000000127e-01
1.824500000000000011e-01 1.443899999999999906e-01
1.881599999999999939e-01 1.456600000000000117e-01
1.939500000000000113e-01 1.468599999999999905e-01
1.998199999999999976e-01 1.479800000000000004e-01
2.057900000000000007e-01 1.490400000000000058e-01
2.118400000000000005e-01 1.500199999999999867e-01
2.179800000000000071e-01 1.509399999999999908e-01
2.242099999999999926e-01 1.517499999999999960e-01
2.305300000000000127e-01 1.524999999999999967e-01
2.369300000000000017e-01 1.531599999999999906e-01
2.434199999999999975e-01 1.537199999999999955e-01
2.500000000000000000e-01 1.541899999999999937e-01
2.566700000000000093e-01 1.545700000000000129e-01
2.633300000000000085e-01 1.548599999999999977e-01
2.700000000000000178e-01 1.550700000000000134e-01
2.766700000000000270e-01 1.552000000000000046e-01
2.833300000000000263e-01 1.552499999999999991e-01
2.899999999999999800e-01 1.552399999999999891e-01
2.966699999999999893e-01 1.551599999999999924e-01
3.033299999999999885e-01 1.550199999999999911e-01
3.099999999999999978e-01 1.548200000000000132e-01
3.166700000000000070e-01 1.545700000000000129e-01
3.233300000000000063e-01 1.542600000000000082e-01
3.300000000000000155e-01 1.539099999999999913e-01
3.366700000000000248e-01 1.535100000000000076e-01
3.433300000000000241e-01 1.530600000000000016e-01
3.499999999999999778e-01 1.525799999999999934e-01
3.566699999999999871e-01 1.520700000000000107e-01
3.633299999999999863e-01 1.515100000000000058e-01
3.699999999999999956e-01 1.509099999999999886e-01
3.766700000000000048e-01 1.502799999999999969e-01
3.833300000000000041e-01 1.496000000000000107e-01
3.900000000000000133e-01 1.488899999999999946e-01
3.966700000000000226e-01 1.481399999999999939e-01
4.033300000000000218e-01 1.473599999999999910e-01
4.099999999999999756e-01 1.465299999999999936e-01
4.166699999999999848e-01 1.456600000000000117e-01
4.233299999999999841e-01 1.447700000000000098e-01
4.299999999999999933e-01 1.438399999999999956e-01
4.366700000000000026e-01 1.428800000000000070e-01
4.433300000000000018e-01 1.418899999999999884e-01
4.500000000000000111e-01 1.408600000000000130e-01
4.566700000000000204e-01 1.398000000000000076e-01
4.633300000000000196e-01 1.387299999999999922e-01
4.699999999999999734e-01 1.376100000000000101e-01
4.766699999999999826e-01 1.364799999999999902e-01
4.833299999999999819e-01 1.353100000000000136e-01
4.899999999999999911e-01 1.341100000000000070e-01
4.966700000000000004e-01 1.328900000000000081e-01
5.033300000000000551e-01 1.316499999999999893e-01
5.100000000000000089e-01 1.303700000000000137e-01
5.166699999999999626e-01 1.290699999999999903e-01
5.233299999999999619e-01 1.277500000000000024e-01
5.300000000000000266e-01 1.263900000000000023e-01
5.366699999999999804e-01 1.250199999999999922e-01
5.433299999999999796e-01 1.236300000000000038e-01
5.500000000000000444e-01 1.222000000000000031e-01
5.566699999999999982e-01 1.207700000000000023e-01
5.633299999999999974e-01 1.193099999999999994e-01
5.699999999999999512e-01 1.178400000000000003e-01
5.766700000000000159e-01 1.163399999999999990e-01
5.833300000000000152e-01 1.148300000000000015e-01
5.899999999999999689e-01 1.132999999999999979e-01
5.966700000000000337e-01 1.117400000000000060e-01
6.033300000000000329e-01 1.101700000000000040e-01
6.099999999999999867e-01 1.085900000000000060e-01
6.166700000000000514e-01 1.069900000000000018e-01
6.233300000000000507e-01 1.053800000000000014e-01
6.300000000000000044e-01 1.037499999999999950e-01
6.366699999999999582e-01 1.020999999999999963e-01
6.433299999999999574e-01 1.004400000000000015e-01
6.500000000000000222e-01 9.876000000000000056e-02
6.566699999999999759e-01 9.707999999999999963e-02
6.633299999999999752e-01 9.539000000000000257e-02
6.700000000000000400e-01 9.367999999999999938e-02
6.766699999999999937e-01 9.196000000000000008e-02
6.833299999999999930e-01 9.021999999999999464e-02
6.899999999999999467e-01 8.848999999999999921e-02
6.966700000000000115e-01 8.673999999999999766e-02
7.033300000000000107e-01 8.497999999999999998e-02
7.099999999999999645e-01 8.322000000000000230e-02
7.166700000000000292e-01 8.143999999999999850e-02
7.233300000000000285e-01 7.965999999999999470e-02
7.299999999999999822e-01 7.785999999999999865e-02
7.366700000000000470e-01 7.606000000000000261e-02
7.433300000000000463e-01 7.426000000000000656e-02
7.500000000000000000e-01 7.244000000000000439e-02
7.566000000000000503e-01 7.063999999999999446e-02
7.631400000000000405e-01 6.884999999999999454e-02
7.696100000000000163e-01 6.708000000000000074e-02
7.760099999999999776e-01 6.531000000000000694e-02
7.823499999999999899e-01 6.357999999999999763e-02
7.886300000000000532e-01 6.183999999999999914e-02
7.948399999999999910e-01 6.013000000000000289e-02
8.009800000000000253e-01 5.841999999999999971e-02
8.070599999999999996e-01 5.673000000000000265e-02
8.130699999999999594e-01 5.505999999999999783e-02
8.190199999999999703e-01 5.340000000000000302e-02
8.248999999999999666e-01 5.176000000000000045e-02
8.307200000000000140e-01 5.013000000000000095e-02
8.364700000000000468e-01 4.852999999999999675e-02
8.421600000000000197e-01 4.694000000000000256e-02
8.477799999999999780e-01 4.537999999999999673e-02
8.533300000000000329e-01 4.383000000000000090e-02
8.588200000000000278e-01 4.229999999999999732e-02
8.642499999999999627e-01 4.078999999999999987e-02
8.696099999999999941e-01 3.928999999999999854e-02
8.749000000000000110e-01 3.781999999999999945e-02
8.801299999999999679e-01 3.638000000000000261e-02
8.852900000000000214e-01 3.495000000000000190e-02
8.903900000000000148e-01 3.352999999999999731e-02
8.954199999999999937e-01 3.214000000000000190e-02
9.003900000000000237e-01 3.076999999999999874e-02
9.052900000000000391e-01 2.940999999999999864e-02
9.101299999999999946e-01 2.807000000000000120e-02
9.149000000000000465e-01 2.674999999999999947e-02
9.196100000000000385e-01 2.546999999999999958e-02
9.242500000000000160e-01 2.418999999999999970e-02
9.288199999999999790e-01 2.291999999999999940e-02
9.333299999999999930e-01 2.169000000000000095e-02
9.377799999999999470e-01 2.045999999999999902e-02
9.421599999999999975e-01 1.925999999999999934e-02
9.464700000000000335e-01 1.805999999999999966e-02
9.507200000000000095e-01 1.687999999999999917e-02
9.548999999999999710e-01 1.570999999999999827e-02
9.590199999999999836e-01 1.456000000000000003e-02
9.630699999999999816e-01 1.341999999999999964e-02
9.670600000000000307e-01 1.227999999999999925e-02
9.709799999999999542e-01 1.115999999999999978e-02
9.748400000000000398e-01 1.005999999999999950e-02
9.786299999999999999e-01 8.970000000000000542e-03
9.823499999999999455e-01 7.889999999999999444e-03
9.860100000000000531e-01 6.830000000000000134e-03
9.896099999999999897e-01 5.780000000000000415e-03
9.931400000000000228e-01 4.769999999999999934e-03
9.966000000000000414e-01 3.779999999999999940e-03
1.000000000000000000e+00 2.830000000000000050e-03
