1.000000000000000000e+00 -3.469999999999999994e-03
9.966000000000000414e-01 -2.609999999999999907e-03
9.931400000000000228e-01 -1.760000000000000063e-03
9.896099999999999897e-01 -9.700000000000000505e-04
9.860100000000000531e-01 -2.500000000000000052e-04
9.823499999999999455e-01 4.000000000000000192e-04
9.786299999999999999e-01 9.799999999999999684e-04
9.748400000000000398e-01 1.490000000000000005e-03
9.709799999999999542e-01 1.940000000000000101e-03
9.670600000000000307e-01 2.320000000000000014e-03
9.630699999999999816e-01 2.609999999999999907e-03
9.590199999999999836e-01 2.820000000000000024e-03
9.548999999999999710e-01 2.959999999999999958e-03
9.507200000000000095e-01 3.030000000000000141e-03
9.464700000000000335e-01 3.030000000000000141e-03
9.421599999999999975e-01 2.949999999999999931e-03
9.377799999999999470e-01 2.789999999999999945e-03
9.333299999999999930e-01 2.579999999999999828e-03
9.288199999999999790e-01 2.289999999999999935e-03
9.242500000000000160e-01 1.930000000000000075e-03
9.196100000000000385e-01 1.510000000000000057e-03
9.149000000000000465e-01 1.030000000000000100e-03
9.101299999999999946e-01 4.600000000000000139e-04
9.052900000000000391e-01 -1.499999999999999869e-04
9.003900000000000237e-01 -8.499999999999999526e-04
8.954199999999999937e-01 -1.600000000000000077e-03
8.903900000000000148e-01 -2.449999999999999921e-03
8.852900000000000214e-01 -3.350000000000000113e-03
8.801299999999999679e-01 -4.340000000000000108e-03
8.749000000000000110e-01 -5.389999999999999826e-03
8.696099999999999941e-01 -6.530000000000000214e-03
8.642499999999999627e-01 -7.760000000000000404e-03
8.588200000000000278e-01 -9.069999999999999937e-03
8.533300000000000329e-01 -1.044999999999999922e-02
8.477799999999999780e-01 -1.191000000000000045e-02
8.421600000000000197e-01 -1.345999999999999974e-02
8.364700000000000468e-01 -1.510000000000000057e-02
8.307200000000000140e-01 -1.680999999999999855e-02
8.248999999999999666e-01 -1.862000000000000113e-02
8.190199999999999703e-01 -2.050000000000000086e-02
8.130699999999999594e-01 -2.247000000000000039e-02
8.070599999999999996e-01 -2.452000000000000013e-02
8.009800000000000253e-01 -2.665000000000000008e-02
7.948399999999999910e-01 -2.886999999999999983e-02
7.886300000000000532e-01 -3.116000000000000020e-02
7.823499999999999899e-01 -3.354000000000000037e-02
7.760099999999999776e-01 -3.599999999999999728e-02
7.696100000000000163e-01 -3.853000000000000175e-02
7.631400000000000405e-01 -4.114000000000000296e-02
7.566000000000000503e-01 -4.381999999999999784e-02
7.500000000000000000e-01 -4.658000000000000335e-02
7.433300000000000463e-01 -4.941000000000000253e-02
7.366700000000000470e-01 -5.228000000000000008e-02
7.299999999999999822e-01 -5.519000000000000294e-02
7.233300000000000285e-01 -5.813999999999999724e-02
7.166700000000000292e-01 -6.112000000000000072e-02
7.099999999999999645e-01 -6.413000000000000644e-02
7.033300000000000107e-01 -6.716999999999999360e-02
6.966700000000000115e-01 -7.023999999999999688e-02
6.899999999999999467e-01 -7.333000000000000629e-02
6.833299999999999930e-01 -7.645000000000000406e-02
6.766699999999999937e-01 -7.957999999999999796e-02
6.700000000000000400e-01 -8.273999999999999411e-02
6.633299999999999752e-01 -8.590000000000000413e-02
6.566699999999999759e-01 -8.909000000000000252e-02
6.500000000000000222e-01 -9.228000000000000091e-02
6.433299999999999574e-01 -9.549000000000000543e-02
6.366699999999999582e-01 -9.869999999999999607e-02
6.300000000000000044e-01 -1.019199999999999967e-01
6.233300000000000507e-01 -1.051499999999999935e-01
6.166700000000000514e-01 -1.083800000000000041e-01
6.099999999999999867e-01 -1.116000000000000048e-01
6.033300000000000329e-01 -1.148200000000000054e-01
5.966700000000000337e-01 -1.180400000000000060e-01
5.899999999999999689e-01 -1.212499999999999967e-01
5.833300000000000152e-01 -1.244600000000000012e-01
5.766700000000000159e-01 -1.276500000000000135e-01
5.699999999999999512e-01 -1.308300000000000018e-01
5.633299999999999974e-01 -1.339899999999999980e-01
5.566699999999999982e-01 -1.371300000000000019e-01
5.500000000000000444e-01 -1.402400000000000035e-01
5.433299999999999796e-01 -1.433300000000000129e-01
5.366699999999999804e-01 -1.463899999999999924e-01
5.300000000000000266e-01 -1.494199999999999973e-01
5.233299999999999619e-01 -1.524199999999999999e-01
5.166699999999999626e-01 -1.553700000000000081e-01
5.100000000000000089e-01 -1.582800000000000040e-01
5.033300000000000551e-01 -1.611499999999999877e-01
4.966700000000000004e-01 -1.639700000000000046e-01
4.899999999999999911e-01 -1.667299999999999893e-01
4.833299999999999819e-01 -1.694499999999999895e-01
4.766699999999999826e-01 -1.721199999999999952e-01
4.699999999999999734e-01 -1.747299999999999964e-01
4.633300000000000196e-01 -1.772700000000000109e-01
4.566700000000000204e-01 -1.797600000000000031e-01
4.500000000000000111e-01 -1.821899999999999908e-01
4.433300000000000018e-01 -1.845400000000000096e-01
4.366700000000000026e-01 -1.868299999999999961e-01
4.299999999999999933e-01 -1.890499999999999958e-01
4.233299999999999841e-01 -1.911899999999999988e-01
4.166699999999999848e-01 -1.932699999999999974e-01
4.099999999999999756e-01 -1.952699999999999991e-01
4.033300000000000218e-01 -1.971999999999999864e-01
3.966700000000000226e-01 -1.990399999999999947e-01
3.900000000000000133e-01 -2.008099999999999885e-01
3.833300000000000041e-01 -2.024799999999999933e-01
3.766700000000000048e-01 -2.040700000000000014e-01
3.699999999999999956e-01 -2.055599999999999927e-01
3.633299999999999863e-01 -2.069699999999999873e-01
3.566699999999999871e-01 -2.082700000000000107e-01
3.499999999999999778e-01 -2.094799999999999995e-01
3.433300000000000241e-01 -2.105700000000000072e-01
3.366700000000000248e-01 -2.115499999999999881e-01
3.300000000000000155e-01 -2.124300000000000077e-01
3.233300000000000063e-01 -2.132000000000000006e-01
3.166700000000000070e-01 -2.138400000000000023e-01
3.099999999999999978e-01 -2.143700000000000050e-01
3.033299999999999885e-01 -2.147600000000000064e-01
2.966699999999999893e-01 -2.150199999999999889e-01
2.899999999999999800e-01 -2.151599999999999902e-01
2.833300000000000263e-01 -2.151500000000000079e-01
2.766700000000000270e-01 -2.150100000000000067e-01
2.700000000000000178e-01 -2.147199999999999942e-01
2.633300000000000085e-01 -2.142900000000000083e-01
2.566700000000000093e-01 -2.137000000000000011e-01
2.500000000000000000e-01 -2.129699999999999926e-01
2.434199999999999975e-01 -2.121000000000000107e-01
2.369300000000000017e-01 -2.111000000000000099e-01
2.305300000000000127e-01 -2.099600000000000077e-01
2.242099999999999926e-01 -2.086999999999999966e-01
2.179800000000000071e-01 -2.073299999999999865e-01
2.118400000000000005e-01 -2.058399999999999952e-01
2.057900000000000007e-01 -2.042499999999999871e-01
1.998199999999999976e-01 -2.025700000000000001e-01
1.939500000000000113e-01 -2.008000000000000063e-01
1.881599999999999939e-01 -1.989400000000000057e-01
1.824500000000000011e-01 -1.969799999999999884e-01
1.768399999999999972e-01 -1.949599999999999944e-01
1.713099999999999901e-01 -1.928700000000000137e-01
1.658699999999999897e-01 -1.907000000000000084e-01
1.605199999999999960e-01 -1.884699999999999986e-01
1.552600000000000091e-01 -1.861599999999999921e-01
1.500799999999999912e-01 -1.837999999999999912e-01
1.449900000000000078e-01 -1.813700000000000034e-01
1.399900000000000033e-01 -1.789000000000000035e-01
1.350800000000000056e-01 -1.763500000000000068e-01
1.302599999999999869e-01 -1.737599999999999978e-01
1.255199999999999927e-01 -1.711100000000000121e-01
1.208700000000000052e-01 -1.684199999999999864e-01
1.163099999999999967e-01 -1.656700000000000117e-01
1.118299999999999988e-01 -1.628900000000000070e-01
1.074500000000000038e-01 -1.600600000000000078e-01
1.031500000000000056e-01 -1.572000000000000064e-01
9.893000000000000405e-02 -1.542900000000000105e-01
9.481000000000000538e-02 -1.513500000000000123e-01
9.077000000000000346e-02 -1.483500000000000096e-01
8.683000000000000440e-02 -1.453500000000000070e-01
8.297000000000000208e-02 -1.423000000000000098e-01
7.918999999999999651e-02 -1.392200000000000104e-01
7.550999999999999379e-02 -1.361199999999999910e-01
7.191000000000000170e-02 -1.329899999999999971e-01
6.840000000000000246e-02 -1.298199999999999910e-01
6.497999999999999610e-02 -1.266500000000000126e-01
6.164000000000000035e-02 -1.234399999999999942e-01
5.840000000000000052e-02 -1.202300000000000035e-01
5.523999999999999744e-02 -1.169800000000000006e-01
5.217000000000000109e-02 -1.137399999999999939e-01
4.918000000000000149e-02 -1.104699999999999988e-01
4.628999999999999782e-02 -1.072000000000000036e-01
4.347999999999999782e-02 -1.039199999999999985e-01
4.075999999999999762e-02 -1.006399999999999934e-01
3.812000000000000111e-02 -9.732999999999999985e-02
3.558000000000000052e-02 -9.406000000000000472e-02
3.311999999999999666e-02 -9.075999999999999346e-02
3.074999999999999956e-02 -8.748000000000000220e-02
2.846999999999999878e-02 -8.420999999999999319e-02
2.627000000000000168e-02 -8.092000000000000581e-02
2.417000000000000051e-02 -7.766000000000000680e-02
2.214999999999999955e-02 -7.437000000000000555e-02
2.021999999999999839e-02 -7.106999999999999429e-02
1.837000000000000091e-02 -6.775000000000000466e-02
1.661999999999999936e-02 -6.446000000000000341e-02
1.494999999999999975e-02 -6.112999999999999684e-02
1.336999999999999994e-02 -5.781000000000000028e-02
1.187000000000000034e-02 -5.446999999999999759e-02
1.047000000000000014e-02 -5.117000000000000021e-02
9.150000000000000147e-03 -4.784999999999999670e-02
7.919999999999999957e-03 -4.453000000000000014e-02
6.779999999999999569e-03 -4.120000000000000051e-02
5.720000000000000258e-03 -3.783000000000000251e-02
4.760000000000000342e-03 -3.441999999999999921e-02
3.880000000000000202e-03 -3.084999999999999895e-02
3.089999999999999865e-03 -2.716000000000000011e-02
2.380000000000000171e-03 -2.333000000000000004e-02
1.770000000000000089e-03 -1.956000000000000100e-02
1.240000000000000000e-03 -1.591000000000000053e-02
8.000000000000000383e-04 -1.247000000000000018e-02
4.400000000000000157e-04 -9.050000000000000752e-03
1.800000000000000113e-04 -5.669999999999999693e-03
0.000000000000000000e+00 0.000000000000000000e+00
1.800000000000000113e-04 5.629999999999999588e-03
4.400000000000000157e-04 8.920000000000000845e-03
8.000000000000000383e-04 1.217000000000000026e-02
1.240000000000000000e-03 1.552000000000000081e-02
1.770000000000000089e-03 1.919999999999999832e-02
2.380000000000000171e-03 2.317999999999999922e-02
3.089999999999999865e-03 2.735999999999999890e-02
3.880000000000000202e-03 3.132999999999999674e-02
4.760000000000000342e-03 3.502000000000000252e-02
5.720000000000000258e-03 3.846999999999999725e-02
6.779999999999999569e-03 4.180999999999999994e-02
7.919999999999999957e-03 4.504999999999999977e-02
9.150000000000000147e-03 4.825999999999999734e-02
1.047000000000000014e-02 5.147999999999999798e-02
1.187000000000000034e-02 5.467999999999999944e-02
1.336999999999999994e-02 5.790000000000000008e-02
1.494999999999999975e-02 6.110999999999999766e-02
1.661999999999999936e-02 6.432999999999999829e-02
1.837000000000000091e-02 6.751000000000000056e-02
2.021999999999999839e-02 7.069999999999999896e-02
2.214999999999999955e-02 7.387000000000000510e-02
2.417000000000000051e-02 7.700999999999999512e-02
2.627000000000000168e-02 8.013000000000000678e-02
2.846999999999999878e-02 8.323999999999999455e-02
3.074999999999999956e-02 8.631999999999999396e-02
3.311999999999999666e-02 8.939999999999999336e-02
3.558000000000000052e-02 9.246000000000000052e-02
3.812000000000000111e-02 9.549000000000000543e-02
4.075999999999999762e-02 9.851000000000000034e-02
4.347999999999999782e-02 1.015000000000000069e-01
4.628999999999999782e-02 1.044699999999999934e-01
4.918000000000000149e-02 1.073999999999999955e-01
5.217000000000000109e-02 1.103100000000000053e-01
5.523999999999999744e-02 1.131899999999999989e-01
5.840000000000000052e-02 1.160299999999999943e-01
6.164000000000000035e-02 1.188400000000000012e-01
6.497999999999999610e-02 1.216099999999999959e-01
6.840000000000000246e-02 1.243500000000000022e-01
7.191000000000000170e-02 1.270499999999999963e-01
7.550999999999999379e-02 1.297200000000000020e-01
7.918999999999999651e-02 1.323400000000000132e-01
8.297000000000000208e-02 1.349299999999999944e-01
8.683000000000000440e-02 1.374799999999999911e-01
9.077000000000000346e-02 1.399799999999999933e-01
9.481000000000000538e-02 1.424300000000000010e-01
9.893000000000000405e-02 1.448500000000000065e-01
1.031500000000000056e-01 1.472199999999999898e-01
1.074500000000000038e-01 1.495299999999999963e-01
1.118299999999999988e-01 1.517900000000000083e-01
1.163099999999999967e-01 1.540199999999999902e-01
1.208700000000000052e-01 1.561899999999999955e-01
1.255199999999999927e-01 1.583100000000000063e-01
1.302599999999999869e-01 1.603799999999999948e-01
1.350800000000000056e-01 1.623999999999999888e-01
1.399900000000000033e-01 1.643600000000000061e-01
1.449900000000000078e-01 1.662500000000000089e-01
1.500799999999999912e-01 1.680899999999999894e-01
1.552600000000000091e-01 1.698699999999999932e-01
1.605199999999999960e-01 1.715800000000000103e-01
1.658699999999999897e-01 1.732299999999999951e-01
1.713099999999999901e-01 1.748200000000000032e-01
1.768399999999999972e-01 1.763399999999999967e-01
1.824500000000000011e-01 1.777799999999999936e-01
1.881599999999999939e-01 1.791600000000000137e-01
1.939500000000000113e-01 1.804600000000000093e-01
1.998199999999999976e-01 1.816699999999999982e-01
2.057900000000000007e-01 1.828200000000000103e-01
2.118400000000000005e-01 1.838799999999999879e-01
2.179800000000000071e-01 1.848700000000000065e-01
2.242099999999999926e-01 1.857499999999999984e-01
2.305300000000000127e-01 1.865700000000000136e-01
2.369300000000000017e-01 1.872900000000000120e-01
2.434199999999999975e-01 1.879099999999999937e-01
2.500000000000000000e-01 1.884500000000000064e-01
2.566700000000000093e-01 1.889000000000000123e-01
2.633300000000000085e-01 1.892399999999999916e-01
2.700000000000000178e-01 1.895000000000000018e-01
2.766700000000000270e-01 1.896799999999999875e-01
2.833300000000000263e-01 1.897699999999999942e-01
2.899999999999999800e-01 1.897899999999999865e-01
2.966699999999999893e-01 1.897300000000000098e-01
3.033299999999999885e-01 1.896100000000000008e-01
3.099999999999999978e-01 1.894000000000000128e-01
3.166700000000000070e-01 1.891400000000000026e-01
3.233300000000000063e-01 1.888100000000000056e-01
3.300000000000000155e-01 1.884200000000000041e-01
3.366700000000000248e-01 1.879699999999999982e-01
3.433300000000000241e-01 1.874599999999999878e-01
3.499999999999999778e-01 1.869000000000000106e-01
3.566699999999999871e-01 1.862900000000000111e-01
3.633299999999999863e-01 1.856299999999999895e-01
3.699999999999999956e-01 1.849099999999999910e-01
3.766700000000000048e-01 1.841500000000000081e-01
3.833300000000000041e-01 1.833299999999999930e-01
3.900000000000000133e-01 1.824600000000000111e-01
3.966700000000000226e-01 1.815400000000000069e-01
4.033300000000000218e-01 1.805799999999999905e-01
4.099999999999999756e-01 1.795700000000000074e-01
4.166699999999999848e-01 1.784900000000000098e-01
4.233299999999999841e-01 1.773899999999999921e-01
4.299999999999999933e-01 1.762400000000000078e-01
4.366700000000000026e-01 1.750400000000000011e-01
4.433300000000000018e-01 1.738099999999999923e-01
4.500000000000000111e-01 1.725299999999999889e-01
4.566700000000000204e-01 1.711999999999999911e-01
4.633300000000000196e-01 1.698500000000000010e-01
4.699999999999999734e-01 1.684400000000000064e-01
4.766699999999999826e-01 1.670099999999999918e-01
4.833299999999999819e-01 1.655300000000000105e-01
4.899999999999999911e-01 1.640099999999999891e-01
4.966700000000000004e-01 1.624599999999999933e-01
5.033300000000000551e-01 1.608799999999999952e-01
5.100000000000000089e-01 1.592500000000000027e-01
5.166699999999999626e-01 1.575900000000000079e-01
5.233299999999999619e-01 1.559099999999999930e-01
5.300000000000000266e-01 1.541700000000000015e-01
5.366699999999999804e-01 1.524199999999999999e-01
5.433299999999999796e-01 1.506399999999999961e-01
5.500000000000000444e-01 1.488200000000000078e-01
5.566699999999999982e-01 1.469799999999999995e-01
5.633299999999999974e-01 1.451199999999999990e-01
5.699999999999999512e-01 1.432299999999999962e-01
5.766700000000000159e-01 1.413099999999999912e-01
5.833300000000000152e-01 1.393800000000000039e-01
5.899999999999999689e-01 1.374199999999999866e-01
5.966700000000000337e-01 1.354299999999999948e-01
6.033300000000000329e-01 1.334299999999999931e-01
6.099999999999999867e-01 1.314200000000000090e-01
6.166700000000000514e-01 1.293799999999999950e-01
6.233300000000000507e-01 1.273299999999999987e-01
6.300000000000000044e-01 1.252699999999999925e-01
6.366699999999999582e-01 1.231799999999999978e-01
6.433299999999999574e-01 1.210900000000000032e-01
6.500000000000000222e-01 1.189700000000000063e-01
6.566699999999999759e-01 1.168499999999999955e-01
6.633299999999999752e-01 1.147100000000000064e-01
6.700000000000000400e-01 1.125599999999999934e-01
6.766699999999999937e-01 1.103999999999999981e-01
6.833299999999999930e-01 1.082199999999999968e-01
6.899999999999999467e-01 1.060500000000000054e-01
6.966700000000000115e-01 1.038599999999999940e-01
7.033300000000000107e-01 1.016600000000000004e-01
7.099999999999999645e-01 9.946000000000000674e-02
7.166700000000000292e-01 9.723999999999999311e-02
7.233300000000000285e-01 9.501999999999999336e-02
7.299999999999999822e-01 9.278999999999999748e-02
7.366700000000000470e-01 9.056000000000000161e-02
7.433300000000000463e-01 8.831999999999999573e-02
7.500000000000000000e-01 8.608000000000000373e-02
7.566000000000000503e-01 8.386000000000000398e-02
7.631400000000000405e-01 8.165000000000000036e-02
7.696100000000000163e-01 7.946999999999999897e-02
7.760099999999999776e-01 7.729999999999999372e-02
7.823499999999999899e-01 7.517000000000000071e-02
7.886300000000000532e-01 7.303999999999999382e-02
7.948399999999999910e-01 7.094000000000000306e-02
8.009800000000000253e-01 6.886000000000000454e-02
8.070599999999999996e-01 6.679999999999999827e-02
8.130699999999999594e-01 6.475999999999999812e-02
8.190199999999999703e-01 6.275000000000000022e-02
8.248999999999999666e-01 6.076000000000000151e-02
8.307200000000000140e-01 5.877999999999999892e-02
8.364700000000000468e-01 5.684999999999999776e-02
8.421600000000000197e-01 5.492999999999999966e-02
8.477799999999999780e-01 5.304999999999999993e-02
8.533300000000000329e-01 5.118999999999999939e-02
8.588200000000000278e-01 4.934999999999999803e-02
8.642499999999999627e-01 4.753999999999999893e-02
8.696099999999999941e-01 4.574999999999999900e-02
8.749000000000000110e-01 4.399000000000000132e-02
8.801299999999999679e-01 4.225999999999999895e-02
8.852900000000000214e-01 4.055999999999999883e-02
8.903900000000000148e-01 3.887000000000000177e-02
8.954199999999999937e-01 3.722999999999999921e-02
9.003900000000000237e-01 3.559999999999999970e-02
9.052900000000000391e-01 3.400000000000000244e-02
9.101299999999999946e-01 3.241999999999999743e-02
9.149000000000000465e-01 3.087000000000000161e-02
9.196100000000000385e-01 2.936000000000000068e-02
9.242500000000000160e-01 2.785999999999999935e-02
9.288199999999999790e-01 2.639000000000000026e-02
9.333299999999999930e-01 2.494999999999999996e-02
9.377799999999999470e-01 2.351999999999999924e-02
9.421599999999999975e-01 2.212000000000000077e-02
9.464700000000000335e-01 2.074000000000000149e-02
9.507200000000000095e-01 1.936999999999999833e-02
9.548999999999999710e-01 1.803000000000000089e-02
9.590199999999999836e-01 1.669999999999999957e-02
9.630699999999999816e-01 1.538999999999999917e-02
9.670600000000000307e-01 1.409999999999999969e-02
9.709799999999999542e-01 1.282999999999999939e-02
9.748400000000000398e-01 1.158000000000000002e-02
9.786299999999999999e-01 1.034999999999999983e-02
9.823499999999999455e-01 9.140000000000000555e-03
9.860100000000000531e-01 7.950000000000000469e-03
9.896099999999999897e-01 6.779999999999999569e-03
9.931400000000000228e-01 5.649999999999999641e-03
9.966000000000000414e-01 4.550000000000000225e-03
1.000000000000000000e+00 3.469999999999999994e-03
