1.000000000000000000e+00 0.000000000000000000e+00
9.899999999999999911e-01 6.100000000000000387e-03
9.799999999999999822e-01 8.899999999999999925e-03
9.699999999999999734e-01 1.159999999999999920e-02
9.599999999999999645e-01 1.420000000000000082e-02
9.499999999999999556e-01 1.679999999999999896e-02
9.399999999999999467e-01 1.940000000000000058e-02
9.300000000000000488e-01 2.189999999999999933e-02
9.200000000000000400e-01 2.450000000000000094e-02
9.100000000000000311e-01 2.699999999999999969e-02
9.000000000000000222e-01 2.949999999999999845e-02
8.750000000000000000e-01 3.579999999999999849e-02
8.499999999999999778e-01 4.200000000000000261e-02
8.249999999999999556e-01 4.819999999999999979e-02
8.000000000000000444e-01 5.430000000000000104e-02
7.750000000000000222e-01 6.029999999999999943e-02
7.500000000000000000e-01 6.619999999999999496e-02
7.249999999999999778e-01 7.199999999999999456e-02
6.999999999999999556e-01 7.770000000000000517e-02
6.750000000000000444e-01 8.329999999999999905e-02
6.500000000000000222e-01 8.870000000000000107e-02
6.250000000000000000e-01 9.400000000000000022e-02
5.999999999999999778e-01 9.900000000000000466e-02
5.749999999999999556e-01 1.037000000000000005e-01
5.500000000000000444e-01 1.082000000000000045e-01
5.250000000000000222e-01 1.123999999999999999e-01
5.000000000000000000e-01 1.161999999999999977e-01
4.749999999999999778e-01 1.197000000000000008e-01
4.500000000000000111e-01 1.227000000000000035e-01
4.400000000000000022e-01 1.237000000000000044e-01
4.299999999999999933e-01 1.247000000000000053e-01
4.199999999999999845e-01 1.255999999999999894e-01
4.099999999999999756e-01 1.264000000000000123e-01
4.000000000000000222e-01 1.270999999999999908e-01
3.900000000000000133e-01 1.277000000000000079e-01
3.800000000000000044e-01 1.282000000000000084e-01
3.699999999999999956e-01 1.285000000000000031e-01
3.599999999999999867e-01 1.287999999999999978e-01
3.499999999999999778e-01 1.288999999999999868e-01
3.400000000000000244e-01 1.287999999999999978e-01
3.300000000000000155e-01 1.285999999999999921e-01
3.200000000000000067e-01 1.282000000000000084e-01
3.099999999999999978e-01 1.277000000000000079e-01
2.999999999999999889e-01 1.270000000000000018e-01
2.899999999999999800e-01 1.262000000000000066e-01
2.800000000000000266e-01 1.252000000000000057e-01
2.700000000000000178e-01 1.241000000000000020e-01
2.600000000000000089e-01 1.228000000000000064e-01
2.500000000000000000e-01 1.213999999999999940e-01
2.399999999999999911e-01 1.199000000000000066e-01
2.300000000000000100e-01 1.181999999999999995e-01
2.200000000000000011e-01 1.164000000000000035e-01
2.099999999999999922e-01 1.144000000000000017e-01
2.000000000000000111e-01 1.121999999999999942e-01
1.900000000000000022e-01 1.098999999999999977e-01
1.799999999999999933e-01 1.074999999999999983e-01
1.700000000000000122e-01 1.048999999999999932e-01
1.600000000000000033e-01 1.020999999999999963e-01
1.499999999999999944e-01 9.909999999999999365e-02
1.400000000000000133e-01 9.589999999999999913e-02
1.300000000000000044e-01 9.260000000000000175e-02
1.199999999999999956e-01 8.899999999999999578e-02
1.100000000000000006e-01 8.519999999999999796e-02
1.000000000000000056e-01 8.119999999999999440e-02
9.500000000000000111e-02 7.910000000000000364e-02
8.999999999999999667e-02 7.689999999999999614e-02
8.500000000000000611e-02 7.459999999999999964e-02
8.000000000000000167e-02 7.230000000000000315e-02
7.499999999999999722e-02 6.990000000000000380e-02
7.000000000000000666e-02 6.729999999999999871e-02
6.500000000000000222e-02 6.469999999999999363e-02
5.999999999999999778e-02 6.199999999999999956e-02
5.500000000000000028e-02 5.920000000000000262e-02
5.000000000000000278e-02 5.619999999999999996e-02
4.499999999999999833e-02 5.310000000000000137e-02
4.000000000000000083e-02 4.979999999999999705e-02
3.500000000000000333e-02 4.630000000000000088e-02
2.999999999999999889e-02 4.259999999999999898e-02
2.500000000000000139e-02 3.869999999999999829e-02
2.000000000000000042e-02 3.440000000000000002e-02
1.750000000000000167e-02 3.200000000000000067e-02
1.499999999999999944e-02 2.960000000000000131e-02
1.250000000000000069e-02 2.699999999999999969e-02
1.000000000000000021e-02 2.409999999999999989e-02
8.999999999999999320e-03 2.290000000000000022e-02
8.000000000000000167e-03 2.160000000000000114e-02
7.000000000000000146e-03 2.029999999999999860e-02
6.000000000000000125e-03 1.890000000000000013e-02
5.000000000000000104e-03 1.739999999999999880e-02
4.000000000000000083e-03 1.569999999999999868e-02
3.000000000000000062e-03 1.389999999999999916e-02
2.000000000000000042e-03 1.159999999999999920e-02
1.699999999999999905e-03 1.099999999999999936e-02
1.500000000000000031e-03 1.020000000000000073e-02
1.299999999999999940e-03 9.400000000000000369e-03
1.000000000000000021e-03 8.500000000000000611e-03
8.000000000000000383e-04 7.400000000000000328e-03
5.000000000000000104e-04 6.000000000000000125e-03
4.000000000000000192e-04 5.400000000000000286e-03
2.999999999999999737e-04 4.599999999999999922e-03
2.000000000000000096e-04 3.799999999999999992e-03
1.000000000000000048e-04 2.700000000000000143e-03
0.000000000000000000e+00 0.000000000000000000e+00
1.000000000000000048e-04 -2.700000000000000143e-03
2.000000000000000096e-04 -3.899999999999999821e-03
2.999999999999999737e-04 -4.700000000000000185e-03
4.000000000000000192e-04 -5.499999999999999681e-03
5.000000000000000104e-04 -6.199999999999999782e-03
8.000000000000000383e-04 -7.599999999999999985e-03
1.000000000000000021e-03 -8.800000000000000530e-03
1.299999999999999940e-03 -9.799999999999999684e-03
1.500000000000000031e-03 -1.080000000000000057e-02
1.699999999999999905e-03 -1.170000000000000033e-02
2.000000000000000042e-03 -1.250000000000000069e-02
3.000000000000000062e-03 -1.529999999999999936e-02
4.000000000000000083e-03 -1.770000000000000046e-02
5.000000000000000104e-03 -1.969999999999999876e-02
6.000000000000000125e-03 -2.160000000000000114e-02
7.000000000000000146e-03 -2.330000000000000127e-02
8.000000000000000167e-03 -2.489999999999999852e-02
8.999999999999999320e-03 -2.630000000000000046e-02
1.000000000000000021e-02 -2.779999999999999832e-02
1.250000000000000069e-02 -3.099999999999999978e-02
1.499999999999999944e-02 -3.400000000000000244e-02
1.750000000000000167e-02 -3.679999999999999938e-02
2.000000000000000042e-02 -3.939999999999999752e-02
2.500000000000000139e-02 -4.429999999999999910e-02
2.999999999999999889e-02 -4.859999999999999737e-02
3.500000000000000333e-02 -5.260000000000000092e-02
4.000000000000000083e-02 -5.630000000000000282e-02
4.499999999999999833e-02 -5.970000000000000306e-02
5.000000000000000278e-02 -6.289999999999999758e-02
5.500000000000000028e-02 -6.590000000000000024e-02
5.999999999999999778e-02 -6.880000000000000004e-02
6.500000000000000222e-02 -7.149999999999999412e-02
7.000000000000000666e-02 -7.399999999999999634e-02
7.499999999999999722e-02 -7.649999999999999856e-02
8.000000000000000167e-02 -7.889999999999999791e-02
8.500000000000000611e-02 -8.110000000000000542e-02
8.999999999999999667e-02 -8.329999999999999905e-02
9.500000000000000111e-02 -8.540000000000000369e-02
1.000000000000000056e-01 -8.740000000000000546e-02
1.100000000000000006e-01 -9.130000000000000615e-02
1.199999999999999956e-01 -9.479999999999999538e-02
1.300000000000000044e-01 -9.810000000000000664e-02
1.400000000000000133e-01 -1.010999999999999954e-01
1.499999999999999944e-01 -1.039000000000000062e-01
1.600000000000000033e-01 -1.063999999999999946e-01
1.700000000000000122e-01 -1.087999999999999939e-01
1.799999999999999933e-01 -1.108999999999999986e-01
1.900000000000000022e-01 -1.129000000000000004e-01
2.000000000000000111e-01 -1.145999999999999935e-01
2.099999999999999922e-01 -1.161999999999999977e-01
2.200000000000000011e-01 -1.175999999999999962e-01
2.300000000000000100e-01 -1.188000000000000028e-01
2.399999999999999911e-01 -1.198000000000000037e-01
2.500000000000000000e-01 -1.207000000000000017e-01
2.600000000000000089e-01 -1.213999999999999940e-01
2.700000000000000178e-01 -1.218999999999999945e-01
2.800000000000000266e-01 -1.223000000000000059e-01
2.899999999999999800e-01 -1.224999999999999978e-01
2.999999999999999889e-01 -1.226000000000000006e-01
3.099999999999999978e-01 -1.224999999999999978e-01
3.200000000000000067e-01 -1.223000000000000059e-01
3.300000000000000155e-01 -1.218999999999999945e-01
3.400000000000000244e-01 -1.213999999999999940e-01
3.499999999999999778e-01 -1.207000000000000017e-01
3.599999999999999867e-01 -1.199000000000000066e-01
3.699999999999999956e-01 -1.189000000000000057e-01
3.800000000000000044e-01 -1.179000000000000048e-01
3.900000000000000133e-01 -1.165999999999999953e-01
4.000000000000000222e-01 -1.152999999999999997e-01
4.099999999999999756e-01 -1.137999999999999984e-01
4.199999999999999845e-01 -1.121999999999999942e-01
4.299999999999999933e-01 -1.105000000000000010e-01
4.400000000000000022e-01 -1.086000000000000021e-01
4.500000000000000111e-01 -1.066000000000000003e-01
4.749999999999999778e-01 -1.010000000000000064e-01
5.000000000000000000e-01 -9.470000000000000639e-02
5.250000000000000222e-01 -8.770000000000000018e-02
5.500000000000000444e-01 -8.010000000000000453e-02
5.749999999999999556e-01 -7.209999999999999742e-02
5.999999999999999778e-01 -6.360000000000000375e-02
6.250000000000000000e-01 -5.489999999999999741e-02
6.500000000000000222e-01 -4.599999999999999922e-02
6.750000000000000444e-01 -3.719999999999999696e-02
6.999999999999999556e-01 -2.869999999999999982e-02
7.249999999999999778e-01 -2.060000000000000026e-02
7.500000000000000000e-01 -1.310000000000000053e-02
7.750000000000000222e-01 -6.499999999999999702e-03
8.000000000000000444e-01 -8.999999999999999754e-04
8.249999999999999556e-01 3.500000000000000073e-03
8.499999999999999778e-01 6.599999999999999964e-03
8.750000000000000000e-01 8.399999999999999481e-03
9.000000000000000222e-01 8.800000000000000530e-03
9.100000000000000311e-01 8.500000000000000611e-03
9.200000000000000400e-01 8.000000000000000167e-03
9.300000000000000488e-01 7.300000000000000065e-03
9.399999999999999467e-01 6.300000000000000044e-03
9.499999999999999556e-01 5.100000000000000366e-03
9.599999999999999645e-01 3.599999999999999901e-03
9.699999999999999734e-01 2.099999999999999870e-03
9.799999999999999822e-01 0.000000000000000000e+00
9.899999999999999911e-01 -1.000000000000000021e-03
1.000000000000000000e+00 0.000000000000000000e+00
