1.000000000000000000e+00 8.699999999999999400e-03
9.935000000000000497e-01 1.050000000000000065e-02
9.848000000000000087e-01 1.290000000000000001e-02
9.738999999999999879e-01 1.580000000000000154e-02
9.613000000000000433e-01 1.909999999999999892e-02
9.476999999999999869e-01 2.259999999999999856e-02
9.332000000000000295e-01 2.620000000000000107e-02
9.183999999999999941e-01 2.980000000000000010e-02
9.032999999999999918e-01 3.350000000000000200e-02
8.881999999999999895e-01 3.719999999999999696e-02
8.729999999999999982e-01 4.089999999999999886e-02
8.578999999999999959e-01 4.460000000000000075e-02
8.427000000000000046e-01 4.819999999999999979e-02
8.276999999999999913e-01 5.190000000000000169e-02
8.125999999999999890e-01 5.539999999999999786e-02
7.975999999999999757e-01 5.899999999999999689e-02
7.825999999999999623e-01 6.250000000000000000e-02
7.677000000000000490e-01 6.600000000000000311e-02
7.528000000000000247e-01 6.940000000000000335e-02
7.379000000000000004e-01 7.280000000000000360e-02
7.229999999999999760e-01 7.610000000000000098e-02
7.082000000000000517e-01 7.939999999999999836e-02
6.934000000000000163e-01 8.260000000000000675e-02
6.785999999999999810e-01 8.580000000000000127e-02
6.639000000000000457e-01 8.890000000000000679e-02
6.491999999999999993e-01 9.199999999999999845e-02
6.346000000000000529e-01 9.489999999999999825e-02
6.199999999999999956e-01 9.779999999999999805e-02
6.054000000000000492e-01 1.006999999999999978e-01
5.908999999999999808e-01 1.034000000000000058e-01
5.765000000000000124e-01 1.060999999999999999e-01
5.621000000000000441e-01 1.087000000000000050e-01
5.476999999999999647e-01 1.111000000000000043e-01
5.333999999999999853e-01 1.135000000000000037e-01
5.191000000000000059e-01 1.158000000000000002e-01
5.049000000000000155e-01 1.179999999999999938e-01
4.908000000000000140e-01 1.199999999999999956e-01
4.767000000000000126e-01 1.219999999999999973e-01
4.627000000000000002e-01 1.237999999999999934e-01
4.487999999999999767e-01 1.255000000000000004e-01
4.349999999999999978e-01 1.270999999999999908e-01
4.213000000000000078e-01 1.285999999999999921e-01
4.077000000000000068e-01 1.297999999999999987e-01
3.941999999999999948e-01 1.310000000000000053e-01
3.808000000000000274e-01 1.320000000000000062e-01
3.675999999999999823e-01 1.328000000000000014e-01
3.544999999999999818e-01 1.335000000000000075e-01
3.415000000000000258e-01 1.338999999999999913e-01
3.286000000000000032e-01 1.342000000000000137e-01
3.160000000000000031e-01 1.343999999999999917e-01
3.034999999999999920e-01 1.343000000000000027e-01
2.912000000000000144e-01 1.340000000000000080e-01
2.792000000000000037e-01 1.335999999999999965e-01
2.674000000000000266e-01 1.328999999999999904e-01
2.559000000000000163e-01 1.320000000000000062e-01
2.447000000000000008e-01 1.310000000000000053e-01
2.336999999999999911e-01 1.295999999999999930e-01
2.227999999999999980e-01 1.280999999999999917e-01
2.119000000000000050e-01 1.262999999999999956e-01
2.010000000000000120e-01 1.242000000000000048e-01
1.902000000000000079e-01 1.218999999999999945e-01
1.792999999999999872e-01 1.194000000000000061e-01
1.685999999999999999e-01 1.165999999999999953e-01
1.580000000000000016e-01 1.136999999999999955e-01
1.474999999999999922e-01 1.105000000000000010e-01
1.371999999999999886e-01 1.071000000000000008e-01
1.270999999999999908e-01 1.034999999999999948e-01
1.171999999999999986e-01 9.969999999999999696e-02
1.076000000000000012e-01 9.569999999999999341e-02
9.829999999999999849e-02 9.160000000000000087e-02
8.920000000000000151e-02 8.730000000000000260e-02
8.050000000000000211e-02 8.290000000000000147e-02
7.220000000000000029e-02 7.839999999999999747e-02
6.429999999999999605e-02 7.380000000000000449e-02
5.680000000000000326e-02 6.909999999999999476e-02
4.970000000000000112e-02 6.439999999999999891e-02
4.320000000000000229e-02 5.970000000000000306e-02
3.710000000000000103e-02 5.500000000000000028e-02
3.160000000000000309e-02 5.040000000000000036e-02
2.670000000000000151e-02 4.599999999999999922e-02
2.230000000000000038e-02 4.179999999999999688e-02
1.849999999999999908e-02 3.769999999999999740e-02
1.510000000000000057e-02 3.389999999999999958e-02
1.220000000000000077e-02 3.020000000000000115e-02
9.700000000000000289e-03 2.680000000000000090e-02
7.499999999999999722e-03 2.359999999999999945e-02
5.700000000000000205e-03 2.060000000000000026e-02
4.199999999999999740e-03 1.779999999999999985e-02
3.000000000000000062e-03 1.499999999999999944e-02
2.000000000000000042e-03 1.239999999999999956e-02
1.199999999999999895e-03 9.799999999999999684e-03
5.999999999999999474e-04 7.300000000000000065e-03
2.999999999999999737e-04 4.799999999999999580e-03
1.000000000000000048e-04 2.299999999999999961e-03
0.000000000000000000e+00 -1.000000000000000048e-04
1.000000000000000048e-04 -2.500000000000000052e-03
2.999999999999999737e-04 -5.000000000000000104e-03
6.999999999999999929e-04 -7.599999999999999985e-03
1.299999999999999940e-03 -1.030000000000000013e-02
2.099999999999999870e-03 -1.319999999999999993e-02
3.200000000000000153e-03 -1.609999999999999973e-02
4.499999999999999660e-03 -1.930000000000000118e-02
6.000000000000000125e-03 -2.259999999999999856e-02
7.900000000000000772e-03 -2.610000000000000167e-02
1.020000000000000073e-02 -2.980000000000000010e-02
1.290000000000000001e-02 -3.389999999999999958e-02
1.619999999999999912e-02 -3.830000000000000071e-02
1.990000000000000102e-02 -4.309999999999999942e-02
2.429999999999999868e-02 -4.819999999999999979e-02
2.920000000000000026e-02 -5.360000000000000181e-02
3.479999999999999760e-02 -5.929999999999999855e-02
4.089999999999999886e-02 -6.519999999999999407e-02
4.750000000000000056e-02 -7.119999999999999940e-02
5.449999999999999983e-02 -7.720000000000000473e-02
6.199999999999999956e-02 -8.319999999999999618e-02
6.980000000000000093e-02 -8.909999999999999865e-02
7.799999999999999989e-02 -9.489999999999999825e-02
8.640000000000000457e-02 -1.006999999999999978e-01
9.520000000000000684e-02 -1.063000000000000056e-01
1.040999999999999981e-01 -1.116999999999999937e-01
1.131999999999999951e-01 -1.169000000000000039e-01
1.223999999999999949e-01 -1.218999999999999945e-01
1.318000000000000005e-01 -1.267000000000000071e-01
1.413000000000000089e-01 -1.312000000000000111e-01
1.507999999999999896e-01 -1.355000000000000093e-01
1.605000000000000038e-01 -1.396000000000000019e-01
1.703000000000000069e-01 -1.433999999999999997e-01
1.799999999999999933e-01 -1.469000000000000028e-01
1.897000000000000075e-01 -1.502000000000000002e-01
1.993000000000000049e-01 -1.531000000000000139e-01
2.089000000000000024e-01 -1.557999999999999940e-01
2.182999999999999940e-01 -1.580999999999999905e-01
2.277000000000000135e-01 -1.600999999999999923e-01
2.368999999999999995e-01 -1.617999999999999994e-01
2.459999999999999964e-01 -1.632000000000000117e-01
2.551999999999999824e-01 -1.643000000000000016e-01
2.644000000000000239e-01 -1.652000000000000135e-01
2.736000000000000099e-01 -1.656999999999999862e-01
2.828999999999999848e-01 -1.660000000000000087e-01
2.923999999999999932e-01 -1.658999999999999919e-01
3.019000000000000017e-01 -1.655999999999999972e-01
3.116999999999999771e-01 -1.650000000000000078e-01
3.216999999999999860e-01 -1.640999999999999959e-01
3.318999999999999728e-01 -1.628999999999999893e-01
3.423999999999999821e-01 -1.613999999999999879e-01
3.531000000000000250e-01 -1.597000000000000086e-01
3.639999999999999902e-01 -1.575999999999999901e-01
3.753000000000000225e-01 -1.552000000000000046e-01
3.867999999999999772e-01 -1.526000000000000134e-01
3.986000000000000099e-01 -1.496000000000000107e-01
4.107000000000000095e-01 -1.464000000000000024e-01
4.232000000000000206e-01 -1.428000000000000103e-01
4.358000000000000207e-01 -1.391000000000000014e-01
4.486999999999999877e-01 -1.350999999999999979e-01
4.617999999999999883e-01 -1.308999999999999886e-01
4.751000000000000223e-01 -1.265999999999999903e-01
4.887000000000000233e-01 -1.219999999999999973e-01
5.024999999999999467e-01 -1.171999999999999986e-01
5.164999999999999591e-01 -1.122999999999999970e-01
5.305999999999999606e-01 -1.073000000000000065e-01
5.449000000000000510e-01 -1.021999999999999992e-01
5.592000000000000304e-01 -9.700000000000000289e-02
5.736999999999999877e-01 -9.170000000000000373e-02
5.883000000000000451e-01 -8.640000000000000457e-02
6.029999999999999805e-01 -8.100000000000000255e-02
6.176000000000000378e-01 -7.570000000000000340e-02
6.320999999999999952e-01 -7.040000000000000424e-02
6.463999999999999746e-01 -6.519999999999999407e-02
6.605999999999999650e-01 -6.019999999999999657e-02
6.746999999999999664e-01 -5.519999999999999907e-02
6.885000000000000009e-01 -5.029999999999999749e-02
7.022000000000000464e-01 -4.569999999999999757e-02
7.157999999999999918e-01 -4.109999999999999765e-02
7.290999999999999703e-01 -3.679999999999999938e-02
7.422999999999999599e-01 -3.259999999999999704e-02
7.551999999999999824e-01 -2.869999999999999982e-02
7.679000000000000270e-01 -2.489999999999999852e-02
7.802999999999999936e-01 -2.149999999999999828e-02
7.925999999999999712e-01 -1.820000000000000090e-02
8.045999999999999819e-01 -1.519999999999999997e-02
8.165000000000000036e-01 -1.250000000000000069e-02
8.282000000000000473e-01 -1.000000000000000021e-02
8.397999999999999909e-01 -7.799999999999999642e-03
8.510999999999999677e-01 -5.799999999999999600e-03
8.622999999999999554e-01 -4.100000000000000346e-03
8.732999999999999652e-01 -2.700000000000000143e-03
8.841999999999999860e-01 -1.500000000000000031e-03
8.950000000000000178e-01 -5.999999999999999474e-04
9.055999999999999606e-01 0.000000000000000000e+00
9.161000000000000254e-01 4.000000000000000192e-04
9.263000000000000123e-01 5.000000000000000104e-04
9.363000000000000211e-01 4.000000000000000192e-04
9.457999999999999741e-01 0.000000000000000000e+00
9.548999999999999710e-01 -5.999999999999999474e-04
9.636000000000000121e-01 -1.500000000000000031e-03
9.719999999999999751e-01 -2.700000000000000143e-03
9.798999999999999932e-01 -4.000000000000000083e-03
9.871999999999999664e-01 -5.499999999999999681e-03
9.939999999999999947e-01 -7.100000000000000408e-03
1.000000000000000000e+00 -8.699999999999999400e-03
