1.000000000000000000e+00 9.369999999999999857e-03
9.833800000000000319e-01 1.332999999999999984e-02
9.645700000000000385e-01 1.774999999999999842e-02
9.436400000000000343e-01 2.265999999999999959e-02
9.207100000000000284e-01 2.811999999999999916e-02
8.958800000000000097e-01 3.416999999999999899e-02
8.692699999999999871e-01 4.073999999999999844e-02
8.410100000000000353e-01 4.780000000000000221e-02
8.112399999999999611e-01 5.528000000000000275e-02
7.800899999999999501e-01 6.308999999999999331e-02
7.477200000000000513e-01 7.116000000000000103e-02
7.142800000000000260e-01 7.939000000000000223e-02
6.799300000000000344e-01 8.766000000000000181e-02
6.448399999999999688e-01 9.586999999999999689e-02
6.091699999999999893e-01 1.039100000000000024e-01
5.731000000000000538e-01 1.116899999999999976e-01
5.368000000000000549e-01 1.190900000000000014e-01
5.004399999999999959e-01 1.260100000000000109e-01
4.642000000000000015e-01 1.322899999999999909e-01
4.282400000000000095e-01 1.377599999999999936e-01
3.927599999999999980e-01 1.423000000000000098e-01
3.579100000000000059e-01 1.457799999999999929e-01
3.238599999999999812e-01 1.480700000000000072e-01
2.907799999999999829e-01 1.490799999999999903e-01
2.588199999999999945e-01 1.486599999999999866e-01
2.281299999999999994e-01 1.467299999999999993e-01
1.988800000000000012e-01 1.432499999999999885e-01
1.711799999999999988e-01 1.381400000000000128e-01
1.451800000000000035e-01 1.314599999999999935e-01
1.210100000000000064e-01 1.233199999999999991e-01
9.876999999999999669e-02 1.138500000000000068e-01
7.857999999999999707e-02 1.032300000000000023e-01
6.051999999999999741e-02 9.167000000000000148e-02
4.469999999999999668e-02 7.938000000000000611e-02
3.117999999999999938e-02 6.654999999999999805e-02
2.002999999999999919e-02 5.338999999999999996e-02
1.129999999999999928e-02 4.000999999999999696e-02
5.029999999999999749e-03 2.666999999999999926e-02
1.260000000000000052e-03 1.325999999999999922e-02
0.000000000000000000e+00 -1.190000000000000085e-03
1.260000000000000052e-03 -1.255999999999999998e-02
5.029999999999999749e-03 -2.502000000000000057e-02
1.129999999999999928e-02 -3.763999999999999985e-02
2.002999999999999919e-02 -5.034999999999999892e-02
3.117999999999999938e-02 -6.311999999999999555e-02
4.469999999999999668e-02 -7.581999999999999851e-02
6.051999999999999741e-02 -8.824999999999999512e-02
7.857999999999999707e-02 -1.001800000000000052e-01
9.876999999999999669e-02 -1.113600000000000007e-01
1.210100000000000064e-01 -1.215500000000000053e-01
1.451800000000000035e-01 -1.305199999999999971e-01
1.711799999999999988e-01 -1.381000000000000005e-01
1.988800000000000012e-01 -1.441099999999999881e-01
2.281299999999999994e-01 -1.484699999999999909e-01
2.588199999999999945e-01 -1.510799999999999921e-01
2.907799999999999829e-01 -1.518799999999999872e-01
3.238599999999999812e-01 -1.507999999999999896e-01
3.579100000000000059e-01 -1.477999999999999869e-01
3.927599999999999980e-01 -1.428300000000000125e-01
4.282400000000000095e-01 -1.359100000000000030e-01
4.642000000000000015e-01 -1.270999999999999908e-01
5.004399999999999959e-01 -1.165199999999999986e-01
5.368000000000000549e-01 -1.044199999999999989e-01
5.731000000000000538e-01 -9.116000000000000492e-02
6.091699999999999893e-01 -7.721999999999999698e-02
6.448399999999999688e-01 -6.318000000000000005e-02
6.799300000000000344e-01 -4.966000000000000275e-02
7.142800000000000260e-01 -3.722000000000000308e-02
7.477200000000000513e-01 -2.631000000000000005e-02
7.800899999999999501e-01 -1.714999999999999858e-02
8.112399999999999611e-01 -1.001999999999999939e-02
8.410100000000000353e-01 -4.789999999999999987e-03
8.692699999999999871e-01 -1.340000000000000045e-03
8.958800000000000097e-01 4.000000000000000192e-04
9.207100000000000284e-01 5.800000000000000034e-04
9.436400000000000343e-01 -5.100000000000000366e-04
9.645700000000000385e-01 -2.609999999999999907e-03
9.833800000000000319e-01 -5.579999999999999891e-03
1.000000000000000000e+00 -8.909999999999999518e-03
