1.000000000000000000e+00 1.309999999999999967e-03
9.925800000000000178e-01 2.589999999999999854e-03
9.800900000000000167e-01 4.689999999999999725e-03
9.660400000000000098e-01 7.040000000000000251e-03
9.506599999999999495e-01 9.709999999999999881e-03
9.341500000000000359e-01 1.268000000000000030e-02
9.168399999999999883e-01 1.586999999999999869e-02
8.990099999999999758e-01 1.924000000000000016e-02
8.808399999999999563e-01 2.273999999999999980e-02
8.625000000000000444e-01 2.634999999999999842e-02
8.440100000000000380e-01 3.005999999999999991e-02
8.254399999999999515e-01 3.382999999999999896e-02
8.068800000000000416e-01 3.765999999999999903e-02
7.882900000000000462e-01 4.157000000000000278e-02
7.696300000000000363e-01 4.555000000000000021e-02
7.508799999999999919e-01 4.959999999999999826e-02
7.320499999999999785e-01 5.369999999999999774e-02
7.131899999999999906e-01 5.782000000000000334e-02
6.943500000000000227e-01 6.194000000000000200e-02
6.755499999999999838e-01 6.604000000000000148e-02
6.568199999999999594e-01 7.009999999999999565e-02
6.381700000000000150e-01 7.409999999999999920e-02
6.196800000000000086e-01 7.802000000000000601e-02
6.013300000000000312e-01 8.182000000000000384e-02
5.830899999999999972e-01 8.550000000000000655e-02
5.649100000000000232e-01 8.903999999999999415e-02
5.467699999999999783e-01 9.246000000000000052e-02
5.286999999999999478e-01 9.575000000000000178e-02
5.107399999999999718e-01 9.889000000000000568e-02
4.929000000000000048e-01 1.018499999999999961e-01
4.751900000000000013e-01 1.046300000000000008e-01
4.576000000000000068e-01 1.072199999999999959e-01
4.401399999999999757e-01 1.095900000000000069e-01
4.228299999999999836e-01 1.117299999999999960e-01
4.056899999999999951e-01 1.136199999999999988e-01
3.887300000000000200e-01 1.152600000000000013e-01
3.719500000000000028e-01 1.166100000000000053e-01
3.553600000000000092e-01 1.176600000000000007e-01
3.390000000000000235e-01 1.184100000000000014e-01
3.228699999999999903e-01 1.188199999999999951e-01
3.069299999999999806e-01 1.188599999999999934e-01
2.911299999999999999e-01 1.185500000000000026e-01
2.754699999999999926e-01 1.178700000000000025e-01
2.599600000000000244e-01 1.168199999999999933e-01
2.445799999999999919e-01 1.153900000000000065e-01
2.293000000000000038e-01 1.135700000000000043e-01
2.141399999999999970e-01 1.113800000000000068e-01
1.991199999999999914e-01 1.088200000000000001e-01
1.842900000000000094e-01 1.059100000000000041e-01
1.696999999999999897e-01 1.026399999999999951e-01
1.553900000000000003e-01 9.904000000000000303e-02
1.414400000000000102e-01 9.511999999999999622e-02
1.279299999999999882e-01 9.092000000000000082e-02
1.149600000000000066e-01 8.648000000000000131e-02
1.026200000000000029e-01 8.183999999999999608e-02
9.102999999999999980e-02 7.710000000000000187e-02
8.028000000000000413e-02 7.230999999999999928e-02
7.044000000000000261e-02 6.755999999999999506e-02
6.155000000000000054e-02 6.289999999999999758e-02
5.356999999999999956e-02 5.840000000000000052e-02
4.648000000000000048e-02 5.410000000000000225e-02
4.021000000000000268e-02 5.000000000000000278e-02
3.466000000000000331e-02 4.610999999999999821e-02
2.977000000000000132e-02 4.243000000000000244e-02
2.545000000000000040e-02 3.894000000000000239e-02
2.162999999999999992e-02 3.563000000000000195e-02
1.824999999999999886e-02 3.246999999999999886e-02
1.525999999999999926e-02 2.945000000000000048e-02
1.261999999999999927e-02 2.655000000000000068e-02
1.029000000000000054e-02 2.375999999999999987e-02
8.250000000000000389e-03 2.108000000000000151e-02
6.459999999999999597e-03 1.848999999999999949e-02
4.919999999999999894e-03 1.597000000000000156e-02
3.589999999999999875e-03 1.349999999999999985e-02
2.480000000000000000e-03 1.108999999999999916e-02
1.580000000000000024e-03 8.729999999999999913e-03
8.700000000000000051e-04 6.459999999999999597e-03
3.800000000000000209e-04 4.270000000000000358e-03
8.000000000000000654e-05 2.150000000000000001e-03
0.000000000000000000e+00 8.000000000000000654e-05
1.399999999999999877e-04 -1.990000000000000015e-03
5.100000000000000366e-04 -4.089999999999999886e-03
1.149999999999999981e-03 -6.230000000000000294e-03
2.089999999999999844e-03 -8.389999999999999888e-03
3.320000000000000034e-03 -1.055000000000000035e-02
4.819999999999999632e-03 -1.268000000000000030e-02
6.570000000000000319e-03 -1.478999999999999933e-02
8.590000000000000413e-03 -1.688999999999999876e-02
1.086999999999999945e-02 -1.900999999999999912e-02
1.342999999999999923e-02 -2.118000000000000091e-02
1.629999999999999852e-02 -2.340000000000000066e-02
1.949000000000000038e-02 -2.569000000000000103e-02
2.306000000000000064e-02 -2.807000000000000120e-02
2.705000000000000113e-02 -3.056000000000000036e-02
3.151999999999999941e-02 -3.316999999999999810e-02
3.656999999999999834e-02 -3.592999999999999666e-02
4.227999999999999814e-02 -3.885000000000000259e-02
4.875999999999999779e-02 -4.195000000000000118e-02
5.611000000000000015e-02 -4.524000000000000243e-02
6.443999999999999728e-02 -4.871999999999999942e-02
7.381999999999999673e-02 -5.238000000000000295e-02
8.427999999999999381e-02 -5.618000000000000077e-02
9.582000000000000239e-02 -6.004999999999999921e-02
1.083299999999999957e-01 -6.392000000000000459e-02
1.216600000000000042e-01 -6.771000000000000629e-02
1.356799999999999951e-01 -7.133000000000000451e-02
1.502499999999999947e-01 -7.474999999999999700e-02
1.652200000000000057e-01 -7.792000000000000315e-02
1.804800000000000015e-01 -8.079000000000000070e-02
1.959599999999999953e-01 -8.334999999999999354e-02
2.116200000000000025e-01 -8.558000000000000329e-02
2.274299999999999933e-01 -8.748999999999999833e-02
2.433599999999999930e-01 -8.908000000000000640e-02
2.593699999999999894e-01 -9.034000000000000363e-02
2.754099999999999882e-01 -9.127000000000000390e-02
2.914700000000000069e-01 -9.186999999999999333e-02
3.075200000000000156e-01 -9.213000000000000356e-02
3.235600000000000143e-01 -9.205000000000000682e-02
3.396000000000000130e-01 -9.160999999999999699e-02
3.556400000000000117e-01 -9.084000000000000408e-02
3.716900000000000204e-01 -8.971999999999999420e-02
3.877499999999999836e-01 -8.826000000000000512e-02
4.038100000000000023e-01 -8.644999999999999907e-02
4.198999999999999955e-01 -8.430999999999999606e-02
4.360100000000000087e-01 -8.182000000000000384e-02
4.521700000000000164e-01 -7.899000000000000465e-02
4.684099999999999930e-01 -7.581000000000000238e-02
4.848399999999999932e-01 -7.227000000000000091e-02
5.015699999999999603e-01 -6.837999999999999634e-02
5.186300000000000354e-01 -6.417000000000000481e-02
5.360399999999999610e-01 -5.970000000000000306e-02
5.537600000000000300e-01 -5.501000000000000334e-02
5.716999999999999860e-01 -5.016999999999999932e-02
5.897799999999999709e-01 -4.524000000000000243e-02
6.078500000000000014e-01 -4.030999999999999861e-02
6.257899999999999574e-01 -3.547000000000000153e-02
6.435100000000000264e-01 -3.079000000000000140e-02
6.610000000000000320e-01 -2.631999999999999965e-02
6.782700000000000395e-01 -2.207999999999999893e-02
6.953500000000000236e-01 -1.811000000000000110e-02
7.122899999999999787e-01 -1.439999999999999961e-02
7.291199999999999903e-01 -1.095999999999999926e-02
7.458700000000000330e-01 -7.799999999999999642e-03
7.625199999999999756e-01 -4.919999999999999894e-03
7.790200000000000458e-01 -2.350000000000000092e-03
7.954099999999999504e-01 -9.000000000000000567e-05
8.116999999999999771e-01 1.830000000000000029e-03
8.279300000000000548e-01 3.419999999999999863e-03
8.440900000000000070e-01 4.689999999999999725e-03
8.601699999999999902e-01 5.619999999999999996e-03
8.761100000000000554e-01 6.210000000000000242e-03
8.919000000000000261e-01 6.459999999999999597e-03
9.074999999999999734e-01 6.360000000000000202e-03
9.228699999999999681e-01 5.899999999999999863e-03
9.379600000000000160e-01 5.100000000000000366e-03
9.526799999999999713e-01 3.969999999999999571e-03
9.668799999999999617e-01 2.599999999999999881e-03
9.802899999999999947e-01 1.100000000000000066e-03
9.925699999999999523e-01 -3.800000000000000209e-04
1.000000000000000000e+00 -1.309999999999999967e-03
