1.000000000000000000e+00 6.519999999999999754e-03
9.918500000000000094e-01 8.309999999999999679e-03
9.837099999999999733e-01 1.009999999999999960e-02
9.755599999999999827e-01 1.187999999999999994e-02
9.674199999999999466e-01 1.366000000000000027e-02
9.592800000000000216e-01 1.544000000000000060e-02
9.511399999999999855e-01 1.720999999999999960e-02
9.430100000000000149e-01 1.898000000000000034e-02
9.348800000000000443e-01 2.076000000000000068e-02
9.267499999999999627e-01 2.255000000000000060e-02
9.186299999999999466e-01 2.435000000000000012e-02
9.105199999999999960e-01 2.616999999999999882e-02
9.024100000000000454e-01 2.799000000000000099e-02
8.942999999999999838e-01 2.981999999999999929e-02
8.861999999999999877e-01 3.166000000000000064e-02
8.780999999999999917e-01 3.350000000000000200e-02
8.700099999999999500e-01 3.534999999999999948e-02
8.619200000000000195e-01 3.721000000000000002e-02
8.538400000000000434e-01 3.907000000000000056e-02
8.457599999999999563e-01 4.093999999999999723e-02
8.376799999999999802e-01 4.281000000000000083e-02
8.296000000000000041e-01 4.467999999999999750e-02
8.215299999999999825e-01 4.655000000000000110e-02
8.134599999999999609e-01 4.843000000000000083e-02
8.053900000000000503e-01 5.031000000000000055e-02
7.973200000000000287e-01 5.219000000000000028e-02
7.892599999999999616e-01 5.407000000000000001e-02
7.812000000000000055e-01 5.593999999999999667e-02
7.731400000000000494e-01 5.782000000000000334e-02
7.650799999999999823e-01 5.969000000000000000e-02
7.570200000000000262e-01 6.156999999999999973e-02
7.489700000000000246e-01 6.343000000000000027e-02
7.409099999999999575e-01 6.529999999999999694e-02
7.328500000000000014e-01 6.715999999999999748e-02
7.247999999999999998e-01 6.901000000000000190e-02
7.167499999999999982e-01 7.086000000000000631e-02
7.086900000000000421e-01 7.270000000000000073e-02
7.006400000000000405e-01 7.452999999999999903e-02
6.925799999999999734e-01 7.635999999999999732e-02
6.845200000000000173e-01 7.817000000000000337e-02
6.764700000000000157e-01 7.996999999999999942e-02
6.684099999999999486e-01 8.175999999999999934e-02
6.603499999999999925e-01 8.354999999999999927e-02
6.522900000000000365e-01 8.530999999999999694e-02
6.442200000000000149e-01 8.706999999999999462e-02
6.361599999999999477e-01 8.881000000000000005e-02
6.280900000000000372e-01 9.053999999999999548e-02
6.200200000000000156e-01 9.224999999999999867e-02
6.119499999999999940e-01 9.395000000000000573e-02
6.038700000000000179e-01 9.561999999999999666e-02
5.957999999999999963e-01 9.729000000000000148e-02
5.877200000000000202e-01 9.893000000000000405e-02
5.796299999999999786e-01 1.005500000000000005e-01
5.715400000000000480e-01 1.021500000000000047e-01
5.634500000000000064e-01 1.037300000000000028e-01
5.553599999999999648e-01 1.052899999999999947e-01
5.472599999999999687e-01 1.068299999999999944e-01
5.391599999999999726e-01 1.083400000000000057e-01
5.310500000000000220e-01 1.098299999999999971e-01
5.229399999999999604e-01 1.112900000000000000e-01
5.148200000000000554e-01 1.127200000000000008e-01
5.067000000000000393e-01 1.141299999999999953e-01
4.985800000000000232e-01 1.155100000000000016e-01
4.904499999999999971e-01 1.168600000000000055e-01
4.823100000000000165e-01 1.181699999999999973e-01
4.741699999999999804e-01 1.194599999999999967e-01
4.660299999999999998e-01 1.207000000000000017e-01
4.578699999999999992e-01 1.219100000000000045e-01
4.497200000000000086e-01 1.230699999999999988e-01
4.415499999999999980e-01 1.242000000000000048e-01
4.333799999999999875e-01 1.252900000000000125e-01
4.252099999999999769e-01 1.263299999999999979e-01
4.170200000000000018e-01 1.273299999999999987e-01
4.088399999999999812e-01 1.282800000000000051e-01
4.006399999999999961e-01 1.291799999999999893e-01
3.924400000000000110e-01 1.300300000000000067e-01
3.842400000000000260e-01 1.308300000000000018e-01
3.760200000000000209e-01 1.315699999999999925e-01
3.678100000000000258e-01 1.322599999999999887e-01
3.595800000000000107e-01 1.328799999999999981e-01
3.513499999999999956e-01 1.334500000000000131e-01
3.431199999999999806e-01 1.339500000000000135e-01
3.348800000000000110e-01 1.343799999999999994e-01
3.266399999999999859e-01 1.347399999999999987e-01
3.183900000000000063e-01 1.350200000000000011e-01
3.101400000000000268e-01 1.352299999999999891e-01
3.018799999999999817e-01 1.353699999999999903e-01
2.936300000000000021e-01 1.354100000000000026e-01
2.853700000000000125e-01 1.353699999999999903e-01
2.771100000000000230e-01 1.352399999999999991e-01
2.688599999999999879e-01 1.350099999999999911e-01
2.605999999999999983e-01 1.346900000000000042e-01
2.523500000000000187e-01 1.342599999999999905e-01
2.441099999999999937e-01 1.337299999999999878e-01
2.358699999999999963e-01 1.330800000000000038e-01
2.276299999999999990e-01 1.323300000000000032e-01
2.194099999999999939e-01 1.314599999999999935e-01
2.111999999999999988e-01 1.304800000000000126e-01
2.030099999999999960e-01 1.293600000000000028e-01
1.948300000000000032e-01 1.281100000000000017e-01
1.866800000000000126e-01 1.267199999999999993e-01
1.785499999999999865e-01 1.251800000000000135e-01
1.704499999999999904e-01 1.234999999999999987e-01
1.623799999999999966e-01 1.216700000000000004e-01
1.543400000000000050e-01 1.196900000000000047e-01
1.463500000000000079e-01 1.175400000000000056e-01
1.383999999999999952e-01 1.152200000000000030e-01
1.305000000000000049e-01 1.127400000000000069e-01
1.226499999999999951e-01 1.100799999999999973e-01
1.148699999999999999e-01 1.072400000000000020e-01
1.071600000000000052e-01 1.042199999999999932e-01
9.951999999999999735e-02 1.010100000000000026e-01
9.196999999999999620e-02 9.758999999999999619e-02
8.451000000000000179e-02 9.397999999999999410e-02
7.714999999999999636e-02 9.013999999999999790e-02
6.990999999999999992e-02 8.608999999999999986e-02
6.279999999999999472e-02 8.179999999999999771e-02
5.584000000000000075e-02 7.727000000000000535e-02
4.905000000000000332e-02 7.247000000000000663e-02
4.245000000000000162e-02 6.739000000000000545e-02
3.606999999999999790e-02 6.196000000000000119e-02
2.994000000000000133e-02 5.623999999999999833e-02
2.412999999999999867e-02 5.049000000000000016e-02
1.868999999999999828e-02 4.438999999999999890e-02
1.370000000000000037e-02 3.792000000000000232e-02
9.230000000000000357e-03 3.107000000000000040e-02
5.400000000000000286e-03 2.383000000000000049e-02
2.490000000000000026e-03 1.614000000000000157e-02
6.400000000000000524e-04 8.089999999999999969e-03
0.000000000000000000e+00 -1.900000000000000105e-04
8.899999999999999491e-04 -8.449999999999999178e-03
3.550000000000000204e-03 -1.641000000000000097e-02
7.490000000000000130e-03 -2.407000000000000112e-02
1.223999999999999914e-02 -3.122000000000000122e-02
1.762000000000000025e-02 -3.781000000000000333e-02
2.340000000000000066e-02 -4.402999999999999969e-02
2.952000000000000110e-02 -4.989999999999999991e-02
3.592000000000000054e-02 -5.546999999999999847e-02
4.252999999999999836e-02 -6.076000000000000151e-02
4.932000000000000273e-02 -6.580999999999999350e-02
5.614999999999999852e-02 -7.062999999999999834e-02
6.308999999999999331e-02 -7.523000000000000520e-02
7.018000000000000627e-02 -7.961999999999999633e-02
7.739999999999999658e-02 -8.382000000000000561e-02
8.473999999999999588e-02 -8.781999999999999529e-02
9.217999999999999805e-02 -9.163999999999999924e-02
9.972999999999999921e-02 -9.526999999999999358e-02
1.073599999999999971e-01 -9.872999999999999832e-02
1.150700000000000056e-01 -1.020100000000000035e-01
1.228599999999999970e-01 -1.051200000000000051e-01
1.307300000000000129e-01 -1.080499999999999933e-01
1.386600000000000055e-01 -1.108200000000000018e-01
1.466399999999999926e-01 -1.134099999999999969e-01
1.546899999999999942e-01 -1.158399999999999985e-01
1.627899999999999903e-01 -1.181100000000000066e-01
1.709299999999999986e-01 -1.202199999999999935e-01
1.791099999999999914e-01 -1.221799999999999969e-01
1.873299999999999965e-01 -1.239699999999999969e-01
1.955900000000000138e-01 -1.256200000000000094e-01
2.038699999999999957e-01 -1.271100000000000008e-01
2.121899999999999897e-01 -1.284599999999999909e-01
2.205300000000000038e-01 -1.296599999999999975e-01
2.288900000000000101e-01 -1.307300000000000129e-01
2.372599999999999987e-01 -1.316599999999999993e-01
2.456599999999999895e-01 -1.324500000000000122e-01
2.540600000000000080e-01 -1.331199999999999883e-01
2.624799999999999911e-01 -1.336499999999999910e-01
2.708999999999999742e-01 -1.340600000000000125e-01
2.793300000000000227e-01 -1.343499999999999972e-01
2.877700000000000258e-01 -1.345099999999999907e-01
2.962000000000000188e-01 -1.345500000000000029e-01
3.046400000000000219e-01 -1.344700000000000062e-01
3.130800000000000249e-01 -1.342800000000000105e-01
3.215100000000000180e-01 -1.339700000000000057e-01
3.299400000000000110e-01 -1.335399999999999920e-01
3.383599999999999941e-01 -1.330099999999999894e-01
3.467799999999999772e-01 -1.323600000000000054e-01
3.551799999999999957e-01 -1.316100000000000048e-01
3.635800000000000143e-01 -1.307500000000000051e-01
3.719600000000000128e-01 -1.297800000000000065e-01
3.803300000000000014e-01 -1.287099999999999911e-01
3.886899999999999800e-01 -1.275300000000000045e-01
3.970299999999999940e-01 -1.262600000000000111e-01
4.053599999999999981e-01 -1.248900000000000010e-01
4.136600000000000277e-01 -1.234100000000000058e-01
4.219499999999999917e-01 -1.218500000000000000e-01
4.302300000000000013e-01 -1.202000000000000013e-01
4.384799999999999809e-01 -1.184499999999999997e-01
4.467099999999999960e-01 -1.166200000000000014e-01
4.549300000000000010e-01 -1.146999999999999964e-01
4.631199999999999761e-01 -1.126999999999999946e-01
4.712899999999999867e-01 -1.106100000000000000e-01
4.794399999999999773e-01 -1.084500000000000047e-01
4.875700000000000034e-01 -1.062099999999999989e-01
4.956699999999999995e-01 -1.039000000000000062e-01
5.037599999999999856e-01 -1.015199999999999991e-01
5.118200000000000527e-01 -9.907000000000000528e-02
5.198599999999999888e-01 -9.656000000000000694e-02
5.278800000000000159e-01 -9.399000000000000410e-02
5.358899999999999775e-01 -9.137000000000000677e-02
5.438699999999999646e-01 -8.870000000000000107e-02
5.518399999999999972e-01 -8.598999999999999699e-02
5.597900000000000098e-01 -8.322999999999999843e-02
5.677299999999999569e-01 -8.043999999999999762e-02
5.756599999999999495e-01 -7.760999999999999843e-02
5.835799999999999876e-01 -7.475999999999999313e-02
5.914899999999999602e-01 -7.187999999999999945e-02
5.993899999999999784e-01 -6.897999999999999965e-02
6.072899999999999965e-01 -6.607000000000000373e-02
6.151799999999999491e-01 -6.314999999999999780e-02
6.230799999999999672e-01 -6.024000000000000188e-02
6.309799999999999853e-01 -5.732000000000000289e-02
6.388800000000000034e-01 -5.441000000000000003e-02
6.467899999999999761e-01 -5.152000000000000329e-02
6.547100000000000142e-01 -4.864000000000000268e-02
6.626300000000000523e-01 -4.578999999999999737e-02
6.705699999999999994e-01 -4.297000000000000125e-02
6.785299999999999665e-01 -4.018999999999999656e-02
6.864900000000000446e-01 -3.744999999999999718e-02
6.944799999999999862e-01 -3.475999999999999923e-02
7.024799999999999933e-01 -3.212999999999999884e-02
7.105000000000000204e-01 -2.954999999999999988e-02
7.185399999999999565e-01 -2.704000000000000153e-02
7.266000000000000236e-01 -2.459000000000000075e-02
7.346799999999999997e-01 -2.222000000000000017e-02
7.427799999999999958e-01 -1.992999999999999980e-02
7.509099999999999664e-01 -1.771000000000000005e-02
7.590500000000000025e-01 -1.558999999999999969e-02
7.672200000000000131e-01 -1.355999999999999914e-02
7.754100000000000437e-01 -1.162999999999999971e-02
7.836199999999999832e-01 -9.820000000000000603e-03
7.918600000000000083e-01 -8.139999999999999666e-03
8.001200000000000534e-01 -6.559999999999999859e-03
8.083900000000000530e-01 -5.109999999999999959e-03
8.166900000000000270e-01 -3.769999999999999914e-03
8.249900000000000011e-01 -2.540000000000000157e-03
8.333199999999999497e-01 -1.430000000000000064e-03
8.416500000000000092e-01 -4.400000000000000157e-04
8.499999999999999778e-01 4.499999999999999877e-04
8.583499999999999464e-01 1.209999999999999921e-03
8.667099999999999804e-01 1.850000000000000082e-03
8.750799999999999690e-01 2.370000000000000145e-03
8.834600000000000231e-01 2.749999999999999840e-03
8.918399999999999661e-01 3.000000000000000062e-03
9.002200000000000202e-01 3.099999999999999891e-03
9.085900000000000087e-01 3.050000000000000194e-03
9.169699999999999518e-01 2.870000000000000155e-03
9.253299999999999859e-01 2.540000000000000157e-03
9.336900000000000199e-01 2.069999999999999792e-03
9.420300000000000340e-01 1.469999999999999953e-03
9.503700000000000481e-01 7.399999999999999894e-04
9.586799999999999766e-01 -1.200000000000000030e-04
9.669799999999999507e-01 -1.119999999999999902e-03
9.752600000000000158e-01 -2.239999999999999804e-03
9.835199999999999498e-01 -3.469999999999999994e-03
9.917700000000000404e-01 -4.789999999999999987e-03
1.000000000000000000e+00 -6.130000000000000032e-03
