1.000000000000000000e+00 1.244999999999999926e-02
9.917000000000000259e-01 1.460000000000000013e-02
9.833899999999999864e-01 1.675000000000000100e-02
9.750900000000000123e-01 1.888000000000000095e-02
9.667799999999999727e-01 2.100000000000000130e-02
9.584700000000000442e-01 2.309999999999999901e-02
9.501600000000000046e-01 2.520000000000000018e-02
9.418600000000000305e-01 2.730000000000000135e-02
9.335599999999999454e-01 2.939999999999999905e-02
9.252599999999999714e-01 3.151000000000000328e-02
9.169699999999999518e-01 3.364000000000000323e-02
9.086899999999999977e-01 3.577999999999999931e-02
9.004199999999999982e-01 3.792999999999999844e-02
8.921499999999999986e-01 4.009000000000000064e-02
8.838799999999999990e-01 4.225999999999999895e-02
8.756199999999999539e-01 4.442999999999999727e-02
8.673600000000000199e-01 4.660000000000000253e-02
8.591100000000000403e-01 4.877999999999999697e-02
8.508599999999999497e-01 5.097000000000000142e-02
8.426099999999999701e-01 5.315000000000000280e-02
8.343699999999999450e-01 5.535000000000000336e-02
8.261300000000000310e-01 5.754000000000000087e-02
8.178900000000000059e-01 5.972999999999999837e-02
8.096600000000000463e-01 6.192999999999999894e-02
8.014299999999999757e-01 6.411999999999999644e-02
7.932000000000000162e-01 6.629999999999999782e-02
7.849699999999999456e-01 6.848999999999999533e-02
7.767399999999999860e-01 7.066999999999999671e-02
7.685199999999999809e-01 7.284999999999999809e-02
7.602900000000000214e-01 7.502999999999999947e-02
7.520700000000000163e-01 7.720000000000000473e-02
7.438500000000000112e-01 7.936999999999999611e-02
7.356200000000000516e-01 8.153000000000000524e-02
7.274000000000000465e-01 8.369000000000000050e-02
7.191800000000000415e-01 8.583999999999999964e-02
7.109600000000000364e-01 8.798000000000000265e-02
7.027299999999999658e-01 9.010999999999999566e-02
6.945099999999999607e-01 9.223000000000000642e-02
6.862899999999999556e-01 9.433999999999999331e-02
6.780599999999999961e-01 9.643999999999999795e-02
6.698300000000000365e-01 9.853000000000000647e-02
6.616100000000000314e-01 1.006200000000000011e-01
6.533799999999999608e-01 1.026799999999999935e-01
6.451400000000000468e-01 1.047399999999999998e-01
6.369099999999999762e-01 1.067799999999999999e-01
6.286699999999999511e-01 1.088100000000000039e-01
6.204399999999999915e-01 1.108299999999999980e-01
6.121900000000000119e-01 1.128299999999999997e-01
6.039499999999999869e-01 1.148099999999999954e-01
5.957000000000000073e-01 1.167799999999999949e-01
5.874500000000000277e-01 1.187399999999999983e-01
5.792000000000000481e-01 1.206699999999999995e-01
5.709400000000000031e-01 1.225900000000000045e-01
5.626799999999999580e-01 1.244900000000000034e-01
5.544099999999999584e-01 1.263600000000000001e-01
5.461399999999999588e-01 1.282200000000000006e-01
5.378699999999999593e-01 1.300499999999999989e-01
5.295900000000000052e-01 1.318699999999999872e-01
5.212999999999999856e-01 1.336499999999999910e-01
5.130099999999999660e-01 1.354200000000000126e-01
5.047099999999999920e-01 1.371499999999999941e-01
4.964100000000000179e-01 1.388600000000000112e-01
4.881300000000000083e-01 1.405299999999999883e-01
4.798600000000000088e-01 1.421800000000000008e-01
4.715900000000000092e-01 1.437799999999999911e-01
4.632999999999999896e-01 1.453599999999999892e-01
4.550100000000000255e-01 1.468899999999999928e-01
4.467099999999999960e-01 1.483800000000000119e-01
4.384000000000000119e-01 1.498400000000000010e-01
4.300800000000000178e-01 1.512400000000000133e-01
4.217600000000000238e-01 1.526000000000000134e-01
4.134200000000000097e-01 1.539200000000000013e-01
4.050699999999999856e-01 1.551800000000000124e-01
3.967200000000000171e-01 1.563900000000000012e-01
3.883499999999999730e-01 1.575499999999999956e-01
3.799799999999999844e-01 1.586500000000000132e-01
3.715899999999999759e-01 1.596899999999999986e-01
3.632000000000000228e-01 1.606700000000000073e-01
3.547899999999999943e-01 1.615800000000000014e-01
3.463800000000000212e-01 1.624200000000000088e-01
3.379599999999999826e-01 1.631900000000000017e-01
3.295299999999999896e-01 1.638900000000000079e-01
3.210899999999999865e-01 1.645099999999999896e-01
3.126399999999999735e-01 1.650399999999999923e-01
3.041800000000000059e-01 1.654899999999999982e-01
2.957199999999999829e-01 1.658600000000000074e-01
2.872500000000000053e-01 1.661299999999999999e-01
2.787799999999999723e-01 1.663000000000000034e-01
2.702999999999999847e-01 1.663600000000000079e-01
2.618199999999999972e-01 1.663199999999999956e-01
2.533400000000000096e-01 1.661499999999999921e-01
2.448599999999999943e-01 1.658699999999999897e-01
2.363800000000000068e-01 1.654599999999999960e-01
2.278999999999999915e-01 1.649100000000000010e-01
2.194299999999999862e-01 1.642299999999999871e-01
2.109699999999999909e-01 1.633999999999999897e-01
2.025299999999999878e-01 1.623999999999999888e-01
1.940999999999999948e-01 1.612500000000000044e-01
1.857000000000000040e-01 1.599099999999999966e-01
1.773299999999999876e-01 1.583900000000000030e-01
1.689799999999999913e-01 1.566800000000000137e-01
1.606799999999999895e-01 1.547800000000000009e-01
1.524300000000000099e-01 1.526599999999999902e-01
1.442299999999999971e-01 1.503299999999999914e-01
1.360999999999999988e-01 1.477900000000000047e-01
1.280300000000000049e-01 1.450200000000000100e-01
1.200399999999999939e-01 1.420299999999999896e-01
1.121499999999999997e-01 1.388000000000000067e-01
1.043599999999999944e-01 1.353100000000000136e-01
9.668999999999999817e-02 1.315699999999999925e-01
8.914999999999999314e-02 1.275699999999999890e-01
8.175999999999999934e-02 1.233100000000000029e-01
7.452999999999999903e-02 1.187700000000000006e-01
6.747999999999999832e-02 1.139499999999999957e-01
6.063999999999999946e-02 1.088599999999999984e-01
5.401999999999999857e-02 1.034800000000000025e-01
4.762999999999999873e-02 9.783000000000000029e-02
4.150999999999999829e-02 9.188999999999999946e-02
3.567000000000000032e-02 8.568000000000000616e-02
3.014999999999999972e-02 7.918999999999999651e-02
2.497999999999999873e-02 7.241999999999999826e-02
2.018000000000000002e-02 6.539000000000000368e-02
1.576999999999999930e-02 5.809999999999999887e-02
1.178000000000000054e-02 5.056000000000000077e-02
8.300000000000000086e-03 4.277000000000000246e-02
5.510000000000000141e-03 3.472999999999999698e-02
3.399999999999999811e-03 2.648000000000000007e-02
1.770000000000000089e-03 1.805999999999999966e-02
5.199999999999999544e-04 9.549999999999999462e-03
0.000000000000000000e+00 9.799999999999999684e-04
4.800000000000000122e-04 -7.609999999999999577e-03
1.740000000000000010e-03 -1.612999999999999851e-02
3.439999999999999915e-03 -2.443000000000000033e-02
5.810000000000000060e-03 -3.253999999999999948e-02
8.920000000000000845e-03 -4.061000000000000026e-02
1.268999999999999989e-02 -4.839999999999999858e-02
1.695999999999999938e-02 -5.589000000000000218e-02
2.164999999999999911e-02 -6.310000000000000331e-02
2.673999999999999988e-02 -7.004000000000000503e-02
3.223000000000000170e-02 -7.668999999999999428e-02
3.808000000000000274e-02 -8.304000000000000270e-02
4.424000000000000155e-02 -8.909999999999999865e-02
5.068000000000000282e-02 -9.486999999999999600e-02
5.736999999999999739e-02 -1.003600000000000048e-01
6.428000000000000380e-02 -1.055900000000000033e-01
7.138999999999999513e-02 -1.105399999999999994e-01
7.868999999999999606e-02 -1.152200000000000030e-01
8.616000000000000048e-02 -1.196399999999999963e-01
9.378000000000000225e-02 -1.237999999999999934e-01
1.015299999999999953e-01 -1.277099999999999902e-01
1.093999999999999972e-01 -1.313799999999999968e-01
1.173799999999999982e-01 -1.348300000000000054e-01
1.254500000000000060e-01 -1.380500000000000060e-01
1.336100000000000065e-01 -1.410700000000000010e-01
1.418399999999999939e-01 -1.438800000000000079e-01
1.501300000000000134e-01 -1.464799999999999991e-01
1.584899999999999920e-01 -1.488899999999999946e-01
1.669100000000000028e-01 -1.511099999999999943e-01
1.753699999999999981e-01 -1.531299999999999883e-01
1.838799999999999879e-01 -1.549800000000000066e-01
1.924200000000000077e-01 -1.566599999999999937e-01
2.009900000000000020e-01 -1.581599999999999950e-01
2.096000000000000085e-01 -1.595000000000000029e-01
2.182199999999999973e-01 -1.606799999999999895e-01
2.268699999999999883e-01 -1.616900000000000004e-01
2.355399999999999994e-01 -1.625500000000000000e-01
2.442300000000000026e-01 -1.632500000000000062e-01
2.529199999999999782e-01 -1.638100000000000112e-01
2.616200000000000192e-01 -1.642099999999999949e-01
2.703300000000000147e-01 -1.644700000000000051e-01
2.790500000000000203e-01 -1.645800000000000041e-01
2.877600000000000158e-01 -1.645600000000000118e-01
2.964800000000000213e-01 -1.643999999999999906e-01
3.051900000000000168e-01 -1.640999999999999959e-01
3.138900000000000023e-01 -1.636799999999999922e-01
3.225899999999999879e-01 -1.631199999999999872e-01
3.312800000000000189e-01 -1.624400000000000011e-01
3.399599999999999844e-01 -1.616400000000000059e-01
3.486299999999999955e-01 -1.607099999999999917e-01
3.572799999999999865e-01 -1.596700000000000064e-01
3.659200000000000230e-01 -1.585100000000000120e-01
3.745499999999999940e-01 -1.572300000000000086e-01
3.831499999999999906e-01 -1.558499999999999885e-01
3.917399999999999771e-01 -1.543499999999999872e-01
4.003099999999999992e-01 -1.527399999999999869e-01
4.088499999999999912e-01 -1.510299999999999976e-01
4.173799999999999732e-01 -1.492100000000000093e-01
4.258799999999999808e-01 -1.472900000000000043e-01
4.343500000000000139e-01 -1.452700000000000102e-01
4.428099999999999814e-01 -1.431600000000000095e-01
4.512300000000000200e-01 -1.409400000000000097e-01
4.596299999999999830e-01 -1.386400000000000132e-01
4.680099999999999816e-01 -1.362500000000000100e-01
4.763600000000000056e-01 -1.337800000000000100e-01
4.846900000000000097e-01 -1.312300000000000133e-01
4.929999999999999938e-01 -1.286100000000000021e-01
5.012799999999999478e-01 -1.259200000000000041e-01
5.095399999999999929e-01 -1.231600000000000056e-01
5.177699999999999525e-01 -1.203400000000000025e-01
5.259899999999999576e-01 -1.174599999999999950e-01
5.341799999999999882e-01 -1.145199999999999968e-01
5.423499999999999988e-01 -1.115300000000000041e-01
5.504999999999999893e-01 -1.084900000000000031e-01
5.586299999999999599e-01 -1.053999999999999937e-01
5.667499999999999760e-01 -1.022600000000000037e-01
5.748400000000000176e-01 -9.908999999999999753e-02
5.829299999999999482e-01 -9.589000000000000301e-02
5.909999999999999698e-01 -9.264999999999999625e-02
5.990499999999999714e-01 -8.938999999999999724e-02
6.070999999999999730e-01 -8.611000000000000598e-02
6.151699999999999946e-01 -8.280999999999999472e-02
6.232400000000000162e-01 -7.950000000000000122e-02
6.313100000000000378e-01 -7.617999999999999772e-02
6.393699999999999939e-01 -7.285999999999999421e-02
6.474299999999999500e-01 -6.955000000000000071e-02
6.554900000000000171e-01 -6.623999999999999333e-02
6.635600000000000387e-01 -6.295000000000000595e-02
6.716299999999999493e-01 -5.967999999999999694e-02
6.797100000000000364e-01 -5.643999999999999712e-02
6.877999999999999670e-01 -5.322999999999999954e-02
6.958999999999999631e-01 -5.004999999999999727e-02
7.040199999999999791e-01 -4.692999999999999949e-02
7.121600000000000152e-01 -4.386000000000000315e-02
7.203100000000000058e-01 -4.084999999999999742e-02
7.284899999999999709e-01 -3.790000000000000313e-02
7.366899999999999560e-01 -3.502000000000000252e-02
7.449099999999999611e-01 -3.221000000000000252e-02
7.531499999999999861e-01 -2.948999999999999885e-02
7.614300000000000512e-01 -2.684999999999999887e-02
7.697300000000000253e-01 -2.430999999999999828e-02
7.780500000000000194e-01 -2.187000000000000055e-02
7.864100000000000534e-01 -1.953999999999999834e-02
7.947999999999999510e-01 -1.733000000000000165e-02
8.032099999999999795e-01 -1.523000000000000048e-02
8.116499999999999826e-01 -1.324999999999999963e-02
8.201199999999999601e-01 -1.137999999999999949e-02
8.286099999999999577e-01 -9.650000000000000591e-03
8.371199999999999752e-01 -8.049999999999999864e-03
8.456599999999999673e-01 -6.579999999999999911e-03
8.542199999999999793e-01 -5.259999999999999919e-03
8.628000000000000114e-01 -4.100000000000000346e-03
8.714100000000000179e-01 -3.099999999999999891e-03
8.800299999999999789e-01 -2.269999999999999882e-03
8.886600000000000055e-01 -1.610000000000000103e-03
8.973299999999999610e-01 -1.139999999999999954e-03
9.060099999999999820e-01 -8.400000000000000348e-04
9.146800000000000486e-01 -7.299999999999999632e-04
9.233400000000000496e-01 -8.099999999999999561e-04
9.319899999999999851e-01 -1.069999999999999988e-03
9.406299999999999661e-01 -1.520000000000000084e-03
9.492500000000000382e-01 -2.160000000000000028e-03
9.578400000000000247e-01 -3.020000000000000115e-03
9.663899999999999713e-01 -4.150000000000000043e-03
9.748900000000000343e-01 -5.590000000000000351e-03
9.833199999999999719e-01 -7.340000000000000170e-03
9.916800000000000059e-01 -9.390000000000000777e-03
1.000000000000000000e+00 -1.162999999999999971e-02
