1.000000000000000000e+00 -4.700000000000000011e-02
9.949999999999999956e-01 -2.000000000000000042e-03
9.799999999999999822e-01 1.700000000000000122e-02
9.647000000000000020e-01 2.500000000000000139e-02
9.353000000000000203e-01 3.400000000000000244e-02
9.043999999999999817e-01 4.399999999999999745e-02
8.720999999999999863e-01 5.500000000000000028e-02
8.385000000000000231e-01 6.600000000000000311e-02
8.038999999999999480e-01 7.799999999999999989e-02
7.682999999999999829e-01 8.999999999999999667e-02
7.318999999999999950e-01 1.029999999999999943e-01
6.947999999999999732e-01 1.160000000000000059e-01
6.572999999999999954e-01 1.280000000000000027e-01
6.193999999999999506e-01 1.400000000000000133e-01
5.814000000000000279e-01 1.519999999999999962e-01
5.433999999999999941e-01 1.640000000000000069e-01
5.054999999999999494e-01 1.749999999999999889e-01
4.680000000000000271e-01 1.859999999999999987e-01
4.309000000000000052e-01 1.940000000000000058e-01
3.945000000000000173e-01 2.000000000000000111e-01
3.588999999999999968e-01 2.010000000000000120e-01
3.242999999999999772e-01 2.010000000000000120e-01
2.907000000000000139e-01 1.960000000000000075e-01
2.584000000000000186e-01 1.900000000000000022e-01
2.275000000000000078e-01 1.799999999999999933e-01
1.980999999999999983e-01 1.700000000000000122e-01
1.703000000000000069e-01 1.570000000000000007e-01
1.443000000000000116e-01 1.429999999999999882e-01
1.200999999999999984e-01 1.270000000000000018e-01
9.800000000000000377e-02 1.100000000000000006e-01
7.789999999999999702e-02 9.199999999999999845e-02
5.999999999999999778e-02 7.499999999999999722e-02
4.429999999999999910e-02 5.600000000000000117e-02
3.080000000000000099e-02 3.899999999999999994e-02
1.980000000000000163e-02 2.100000000000000130e-02
1.119999999999999989e-02 6.000000000000000125e-03
5.000000000000000104e-03 -1.200000000000000025e-02
1.199999999999999895e-03 -2.699999999999999969e-02
0.000000000000000000e+00 -5.199999999999999761e-02
1.199999999999999895e-03 -7.000000000000000666e-02
5.000000000000000104e-03 -7.900000000000000078e-02
1.119999999999999989e-02 -9.099999999999999756e-02
1.980000000000000163e-02 -1.010000000000000064e-01
3.080000000000000099e-02 -1.110000000000000014e-01
4.429999999999999910e-02 -1.189999999999999947e-01
5.999999999999999778e-02 -1.280000000000000027e-01
7.789999999999999702e-02 -1.360000000000000098e-01
9.800000000000000377e-02 -1.449999999999999900e-01
1.200999999999999984e-01 -1.519999999999999962e-01
1.443000000000000116e-01 -1.600000000000000033e-01
1.703000000000000069e-01 -1.670000000000000095e-01
1.980999999999999983e-01 -1.739999999999999880e-01
2.275000000000000078e-01 -1.799999999999999933e-01
2.584000000000000186e-01 -1.859999999999999987e-01
2.907000000000000139e-01 -1.900000000000000022e-01
3.242999999999999772e-01 -1.940000000000000058e-01
3.588999999999999968e-01 -1.970000000000000084e-01
3.945000000000000173e-01 -2.000000000000000111e-01
4.309000000000000052e-01 -2.010000000000000120e-01
4.680000000000000271e-01 -2.010000000000000120e-01
5.054999999999999494e-01 -2.000000000000000111e-01
5.433999999999999941e-01 -1.970000000000000084e-01
5.814000000000000279e-01 -1.930000000000000049e-01
6.193999999999999506e-01 -1.880000000000000004e-01
6.572999999999999954e-01 -1.809999999999999942e-01
6.947999999999999732e-01 -1.719999999999999862e-01
7.318999999999999950e-01 -1.600000000000000033e-01
7.682999999999999829e-01 -1.489999999999999936e-01
8.038999999999999480e-01 -1.370000000000000107e-01
8.385000000000000231e-01 -1.270000000000000018e-01
8.720999999999999863e-01 -1.179999999999999938e-01
9.043999999999999817e-01 -1.100000000000000006e-01
9.353000000000000203e-01 -1.019999999999999934e-01
9.647000000000000020e-01 -9.600000000000000200e-02
9.925000000000000488e-01 -9.099999999999999756e-02
1.000000000000000000e+00 -6.199999999999999956e-02
