1.000000000000000000e+00 -5.899999999999999689e-02
9.949999999999999956e-01 -4.000000000000000083e-03
9.899999999999999911e-01 5.600000000000000117e-02
9.819999999999999840e-01 1.059999999999999970e-01
9.603000000000000425e-01 1.130000000000000032e-01
9.147999999999999465e-01 1.280000000000000027e-01
8.685000000000000497e-01 1.439999999999999891e-01
8.215999999999999970e-01 1.600000000000000033e-01
7.742999999999999883e-01 1.759999999999999898e-01
7.267000000000000126e-01 1.900000000000000022e-01
6.792000000000000259e-01 2.049999999999999878e-01
6.319000000000000172e-01 2.190000000000000002e-01
5.849999999999999645e-01 2.320000000000000118e-01
5.385999999999999677e-01 2.429999999999999938e-01
4.930999999999999828e-01 2.500000000000000000e-01
4.485999999999999988e-01 2.520000000000000018e-01
4.052999999999999936e-01 2.510000000000000009e-01
3.634000000000000008e-01 2.449999999999999956e-01
3.230000000000000093e-01 2.369999999999999885e-01
2.842999999999999972e-01 2.260000000000000064e-01
2.475999999999999868e-01 2.119999999999999940e-01
2.129000000000000059e-01 1.960000000000000075e-01
1.802999999999999881e-01 1.779999999999999916e-01
1.502000000000000002e-01 1.580000000000000016e-01
1.224999999999999978e-01 1.380000000000000115e-01
9.740000000000000047e-02 1.150000000000000050e-01
7.489999999999999436e-02 9.400000000000000022e-02
5.530000000000000193e-02 7.000000000000000666e-02
3.860000000000000236e-02 4.900000000000000189e-02
2.479999999999999913e-02 2.599999999999999881e-02
1.400000000000000029e-02 7.000000000000000146e-03
6.199999999999999782e-03 -1.499999999999999944e-02
1.600000000000000077e-03 -3.300000000000000155e-02
0.000000000000000000e+00 -6.400000000000000133e-02
1.600000000000000077e-03 -8.799999999999999489e-02
6.199999999999999782e-03 -9.900000000000000466e-02
1.400000000000000029e-02 -1.140000000000000041e-01
2.479999999999999913e-02 -1.260000000000000009e-01
3.860000000000000236e-02 -1.380000000000000115e-01
5.530000000000000193e-02 -1.479999999999999927e-01
7.489999999999999436e-02 -1.600000000000000033e-01
9.740000000000000047e-02 -1.700000000000000122e-01
1.224999999999999978e-01 -1.809999999999999942e-01
1.502000000000000002e-01 -1.900000000000000022e-01
1.802999999999999881e-01 -2.000000000000000111e-01
2.129000000000000059e-01 -2.089999999999999913e-01
2.475999999999999868e-01 -2.169999999999999984e-01
2.842999999999999972e-01 -2.250000000000000056e-01
3.230000000000000093e-01 -2.320000000000000118e-01
3.634000000000000008e-01 -2.369999999999999885e-01
4.052999999999999936e-01 -2.429999999999999938e-01
4.485999999999999988e-01 -2.469999999999999973e-01
4.930999999999999828e-01 -2.500000000000000000e-01
5.385999999999999677e-01 -2.510000000000000009e-01
5.849999999999999645e-01 -2.520000000000000018e-01
6.319000000000000172e-01 -2.500000000000000000e-01
6.792000000000000259e-01 -2.469999999999999973e-01
7.267000000000000126e-01 -2.409999999999999920e-01
7.742999999999999883e-01 -2.349999999999999867e-01
8.215999999999999970e-01 -2.260000000000000064e-01
8.685000000000000497e-01 -2.149999999999999967e-01
9.147999999999999465e-01 -2.000000000000000111e-01
9.603000000000000425e-01 -1.859999999999999987e-01
9.799999999999999822e-01 -1.729999999999999871e-01
9.899999999999999911e-01 -1.239999999999999991e-01
1.000000000000000000e+00 -8.400000000000000522e-02
