1.000000000000000000e+00 1.050000000000000065e-02
9.994430399999999493e-01 1.086983000000000046e-02
9.981204900000000269e-01 1.174520000000000078e-02
9.956935199999999986e-01 1.334145999999999943e-02
9.923048399999999658e-01 1.554892000000000080e-02
9.880284400000000078e-01 1.830044999999999936e-02
9.828150799999999521e-01 2.160573999999999828e-02
9.766642199999999718e-01 2.544031000000000070e-02
9.696406899999999718e-01 2.973943999999999893e-02
9.617431300000000016e-01 3.448208999999999996e-02
9.529731500000000466e-01 3.964880999999999961e-02
9.433892799999999967e-01 4.519299999999999706e-02
9.330128399999999544e-01 5.091599000000000125e-02
9.218514700000000062e-01 5.708280999999999772e-02
9.099546800000000157e-01 6.358138000000000678e-02
8.973612100000000202e-01 7.042742999999999920e-02
8.840850300000000495e-01 7.734660999999999620e-02
8.701628999999999614e-01 8.467080999999999913e-02
8.556527600000000122e-01 9.218020000000000380e-02
8.405769499999999894e-01 9.990118000000000609e-02
8.249746300000000421e-01 1.075655400000000012e-01
8.088945499999999900e-01 1.153396299999999985e-01
7.923623699999999825e-01 1.231444500000000025e-01
7.754210099999999661e-01 1.310586300000000093e-01
7.581254600000000288e-01 1.388078399999999879e-01
7.405017999999999878e-01 1.465609099999999887e-01
7.225920900000000202e-01 1.541444600000000109e-01
7.044453899999999491e-01 1.616224300000000114e-01
6.860884299999999714e-01 1.690763000000000127e-01
6.675702100000000527e-01 1.762193800000000088e-01
6.489267800000000364e-01 1.830922700000000014e-01
6.301864299999999641e-01 1.898700200000000005e-01
6.114013799999999943e-01 1.962504899999999997e-01
5.925967300000000160e-01 2.023503700000000016e-01
5.738084300000000360e-01 2.083158699999999863e-01
5.550756999999999497e-01 2.137612700000000032e-01
5.364176299999999786e-01 2.190266700000000066e-01
5.178795800000000060e-01 2.239254800000000101e-01
4.994810299999999925e-01 2.283581399999999872e-01
4.812515499999999724e-01 2.324307399999999968e-01
4.632222500000000021e-01 2.360294199999999898e-01
4.454066600000000098e-01 2.392296200000000039e-01
4.278432300000000188e-01 2.420667599999999919e-01
4.105386400000000102e-01 2.443951699999999949e-01
3.935252499999999931e-01 2.463290800000000058e-01
3.768112299999999970e-01 2.478121799999999930e-01
3.604197699999999727e-01 2.490755299999999894e-01
3.443649400000000083e-01 2.496175900000000003e-01
3.286584599999999856e-01 2.500000000000000000e-01
3.133189800000000247e-01 2.499145999999999868e-01
2.983479800000000126e-01 2.494035400000000069e-01
2.837658000000000125e-01 2.484401999999999999e-01
2.695667900000000006e-01 2.472338699999999945e-01
2.557736199999999793e-01 2.455593000000000081e-01
2.423778000000000044e-01 2.435842199999999902e-01
2.293964800000000137e-01 2.412476500000000079e-01
2.168173499999999920e-01 2.386039000000000077e-01
2.046576300000000070e-01 2.356602600000000103e-01
1.929075700000000004e-01 2.324321000000000026e-01
1.815749600000000075e-01 2.288396199999999936e-01
1.706581899999999874e-01 2.249667899999999998e-01
1.601489600000000069e-01 2.208323899999999895e-01
1.500551099999999916e-01 2.164958499999999897e-01
1.403546499999999975e-01 2.119787399999999988e-01
1.310675000000000034e-01 2.072282099999999960e-01
1.221614800000000028e-01 2.023232799999999942e-01
1.136587599999999976e-01 1.971739999999999882e-01
1.055361900000000019e-01 1.920367799999999903e-01
9.779065000000000674e-02 1.865586300000000031e-01
9.042901999999999885e-02 1.810933799999999982e-01
8.341621000000000452e-02 1.754594700000000063e-01
7.677402999999999311e-02 1.696820500000000009e-01
7.046919999999999573e-02 1.637855500000000020e-01
6.450016000000000083e-02 1.577649000000000135e-01
5.888182000000000138e-02 1.516987900000000000e-01
5.356799000000000283e-02 1.455647800000000047e-01
4.857580999999999705e-02 1.394862600000000008e-01
4.389793000000000167e-02 1.333378000000000063e-01
3.949497999999999898e-02 1.270496999999999876e-01
3.539483999999999686e-02 1.208657600000000026e-01
3.157626000000000183e-02 1.146898499999999960e-01
2.800644000000000050e-02 1.084918400000000061e-01
2.471591999999999886e-02 1.022245999999999988e-01
2.168070999999999887e-02 9.589285999999999643e-02
1.886318999999999843e-02 8.980723999999999652e-02
1.629513999999999962e-02 8.374779000000000251e-02
1.396619999999999980e-02 7.773837999999999582e-02
1.181764000000000078e-02 7.187918000000000085e-02
9.883609999999999271e-03 6.601029999999999398e-02
8.183680000000000468e-03 6.018910999999999706e-02
6.631279999999999814e-03 5.390949999999999909e-02
5.248530000000000383e-03 4.732698999999999934e-02
4.082709999999999811e-03 4.014878999999999670e-02
3.089979999999999984e-03 3.372622000000000120e-02
2.190979999999999924e-03 2.591034000000000045e-02
1.459669999999999935e-03 2.003189999999999832e-02
9.633299999999999806e-04 1.481158999999999948e-02
5.987800000000000370e-04 1.096428999999999980e-02
2.898800000000000096e-04 5.154210000000000215e-03
7.804000000000000498e-05 2.377769999999999970e-03
0.000000000000000000e+00 0.000000000000000000e+00
7.807000000000000300e-05 -6.763489999999999606e-03
2.900900000000000093e-04 -9.270099999999999868e-03
5.993700000000000026e-04 -1.485268000000000005e-02
9.644799999999999814e-04 -1.909804999999999836e-02
1.462640000000000077e-03 -2.425157000000000007e-02
2.196609999999999882e-03 -3.028000999999999956e-02
3.098790000000000138e-03 -3.749177000000000065e-02
4.095159999999999599e-03 -4.339707999999999760e-02
5.267739999999999922e-03 -4.974300000000000249e-02
6.658390000000000142e-03 -5.593635000000000274e-02
8.219409999999999911e-03 -6.191301999999999917e-02
9.930949999999999153e-03 -6.758272999999999364e-02
1.187981999999999927e-02 -7.340170999999999502e-02
1.404463000000000066e-02 -7.913246000000000169e-02
1.639219000000000093e-02 -8.498168999999999862e-02
1.898468999999999851e-02 -9.099182999999999577e-02
2.182867000000000141e-02 -9.692059000000000091e-02
2.489252000000000131e-02 -1.030298399999999975e-01
2.822001000000000023e-02 -1.091537499999999938e-01
3.182924000000000170e-02 -1.153106599999999954e-01
3.568998000000000309e-02 -1.211377800000000005e-01
3.984236000000000028e-02 -1.271472700000000067e-01
4.430035000000000223e-02 -1.331985699999999884e-01
4.903787999999999897e-02 -1.389802599999999944e-01
5.410025000000000250e-02 -1.448502999999999874e-01
5.948747000000000063e-02 -1.506747400000000014e-01
6.518786999999999499e-02 -1.564878700000000011e-01
7.124790999999999763e-02 -1.623178899999999925e-01
7.764648000000000383e-02 -1.679508100000000059e-01
8.439704000000000650e-02 -1.735551899999999981e-01
9.152340000000000475e-02 -1.790480299999999969e-01
9.900710999999999540e-02 -1.843608599999999875e-01
1.068872099999999964e-01 -1.896475200000000139e-01
1.151476200000000061e-01 -1.946699100000000016e-01
1.238064400000000037e-01 -1.996771800000000097e-01
1.328721099999999877e-01 -2.044857700000000111e-01
1.423317600000000016e-01 -2.091127299999999967e-01
1.522146000000000055e-01 -2.135654100000000111e-01
1.624991799999999931e-01 -2.179046099999999986e-01
1.732139299999999882e-01 -2.218986199999999909e-01
1.843412500000000120e-01 -2.258502199999999904e-01
1.959029599999999871e-01 -2.294276100000000040e-01
2.078832800000000036e-01 -2.328252100000000047e-01
2.202937799999999946e-01 -2.359415199999999879e-01
2.331234399999999873e-01 -2.386778699999999864e-01
2.463748699999999958e-01 -2.412761499999999948e-01
2.600414600000000021e-01 -2.434287099999999926e-01
2.741243899999999956e-01 -2.453647899999999993e-01
2.886112900000000203e-01 -2.466882400000000031e-01
3.034996200000000255e-01 -2.477517499999999928e-01
3.187741000000000047e-01 -2.484068000000000109e-01
3.344344799999999784e-01 -2.487000000000000044e-01
3.504573200000000166e-01 -2.483147599999999955e-01
3.668432200000000254e-01 -2.476415999999999895e-01
3.835609300000000221e-01 -2.463947700000000129e-01
4.006097499999999867e-01 -2.445463099999999890e-01
4.179560700000000129e-01 -2.422176799999999908e-01
4.355933000000000166e-01 -2.393646100000000054e-01
4.534925000000000206e-01 -2.359358699999999920e-01
4.716321099999999933e-01 -2.317376800000000014e-01
4.899923600000000157e-01 -2.271476699999999960e-01
5.085359499999999588e-01 -2.217738800000000066e-01
5.272486699999999749e-01 -2.159357600000000044e-01
5.460886000000000351e-01 -2.095126599999999895e-01
5.650309000000000026e-01 -2.024262199999999901e-01
5.840450400000000153e-01 -1.948439200000000038e-01
6.030879999999999574e-01 -1.868086200000000086e-01
6.221376499999999865e-01 -1.783067000000000124e-01
6.411475199999999708e-01 -1.693696399999999880e-01
6.600803100000000034e-01 -1.600612700000000055e-01
6.789061899999999650e-01 -1.503131900000000132e-01
6.975716400000000483e-01 -1.404940199999999972e-01
7.160449199999999736e-01 -1.304495499999999975e-01
7.342913500000000093e-01 -1.202863700000000036e-01
7.522523399999999638e-01 -1.102046200000000031e-01
7.698979200000000134e-01 -1.003881799999999935e-01
7.871915299999999727e-01 -9.073069999999999746e-02
8.040738299999999894e-01 -8.140577999999999703e-02
8.205134899999999565e-01 -7.271635999999999378e-02
8.364694599999999980e-01 -6.444497000000000420e-02
8.518902600000000103e-01 -5.666456999999999744e-02
8.667479099999999548e-01 -4.953951999999999661e-02
8.810097000000000067e-01 -4.299055999999999711e-02
8.946104099999999670e-01 -3.713052000000000019e-02
9.075245600000000357e-01 -3.197889999999999761e-02
9.197303999999999480e-01 -2.747517999999999835e-02
9.311753000000000391e-01 -2.370171999999999904e-02
9.418276500000000162e-01 -2.037523999999999932e-02
9.516753599999999702e-01 -1.799359000000000028e-02
9.606748600000000193e-01 -1.593023000000000008e-02
9.687874699999999839e-01 -1.421421999999999963e-02
9.760119099999999825e-01 -1.283805000000000016e-02
9.823305300000000351e-01 -1.177725999999999947e-02
9.876861500000000404e-01 -1.099872999999999997e-02
9.920863100000000268e-01 -1.045134999999999988e-02
9.955739099999999508e-01 -1.008162999999999941e-02
9.980630200000000229e-01 -9.854560000000000056e-03
9.994296799999999870e-01 -9.743450000000000721e-03
1.000000000000000000e+00 -9.700000000000000289e-03
